           z         mean           se
    0.500000    23.516775     0.826575
    1.500000    23.114889     0.888855
    2.500000    22.455768     0.929794
    3.500000    20.123208     1.036033
    4.500000    17.670149     1.090489
    5.500000    14.743461     0.686810
    6.500000    12.105179     0.318821
    7.500000     9.723039     0.262884
    8.500000     6.908796     0.247998
    9.500000     4.430527     0.178122
   10.500000     2.422343     0.144925
   11.500000     0.978777     0.096722
   12.500000     0.034032     0.060935
   13.500000    -0.517241     0.035093
   14.500000    -0.606584     0.000000
   15.500000    -0.306042     0.035589
   16.500000     0.349443     0.051718
   17.500000     1.255446     0.080248
   18.500000     2.289380     0.091528
   19.500000     3.202723     0.105997
   20.500000     3.598362     0.118120
   21.500000     3.423662     0.131381
   22.500000     2.837423     0.153353
   23.500000     2.101699     0.163147
   24.500000     1.436334     0.161761
   25.500000     0.909550     0.170273
   26.500000     0.530403     0.171598
   27.500000     0.279130     0.169503
   28.500000     0.127667     0.173150
   29.500000     0.017048     0.179867
   30.500000    -0.005250     0.176999
   31.500000    -0.005985     0.176173
   32.500000     0.005588     0.163770
   33.500000     0.003971     0.170870
   34.500000     0.010351     0.165865
   35.500000     0.028342     0.175039
   36.500000     0.015837     0.168438
   37.500000     0.037475     0.168687
   38.500000     0.029053     0.164376
   39.500000     0.031492     0.169802
   40.500000     0.036285     0.162676
   41.500000     0.022407     0.165136
   42.500000     0.016901     0.162112
   43.500000     0.004562     0.162872
   44.500000     0.001109     0.162847
   45.500000    -0.018300     0.162544
   46.500000    -0.020162     0.162497
   47.500000    -0.017410     0.161459
   48.500000    -0.008300     0.162680
   49.500000    -0.017093     0.163761
   50.500000    -0.035436     0.160848
   51.500000    -0.020955     0.158870
   52.500000    -0.017876     0.152487
   53.500000    -0.002092     0.162326
   54.500000    -0.014590     0.156942
   55.500000    -0.011243     0.157505
   56.500000     0.010864     0.162817
   57.500000     0.002725     0.157080
   58.500000    -0.021784     0.157770
   59.500000    -0.004596     0.159737
   60.500000    -0.007162     0.162431
   61.500000     0.001919     0.163969
   62.500000     0.036169     0.173705
   63.500000     0.147806     0.181767
   64.500000     0.347346     0.195422
   65.500000     0.641993     0.201927
   66.500000     1.091465     0.214174
   67.500000     1.680344     0.229693
   68.500000     2.432484     0.227543
   69.500000     3.450306     0.272024
   70.500000     4.742765     0.274381
   71.500000     6.500468     0.290887
   72.500000     8.796307     0.338261
   73.500000    11.365933     0.349993
   74.500000    14.944233     0.561237
   75.500000    19.703472     0.458949
   76.500000    23.422548     0.623339
   77.500000    23.967487     0.500680
