           z    400-600ns    600-800ns   800-1000ns
    0.500000    24.612199    21.205727    25.231541
    1.500000    24.612199    21.205727    25.231541
    2.500000    24.612199    21.205727    25.231541
    3.500000    20.555789    18.436797    20.327090
    4.500000    15.252552    16.301277    18.766870
    5.500000    13.299089    12.718832    15.871894
    6.500000    11.966701    10.684647    11.815484
    7.500000     9.958328     8.527066     9.513463
    8.500000     6.795509     6.175187     7.044476
    9.500000     4.196640     4.052658     4.567086
   10.500000     2.053700     2.221935     2.595792
   11.500000     0.886450     0.790169     1.064265
   12.500000     0.021307    -0.091521     0.041587
   13.500000    -0.547660    -0.617985    -0.554629
   14.500000    -0.606584    -0.606584    -0.606584
   15.500000    -0.153176    -0.305382    -0.225217
   16.500000     0.469558     0.333837     0.608746
   17.500000     1.359295     1.272588     1.717234
   18.500000     2.327580     2.216540     2.776460
   19.500000     3.056906     3.029798     3.774495
   20.500000     3.227008     3.557570     4.184612
   21.500000     2.939945     3.436675     3.979990
   22.500000     2.558670     2.778612     3.103252
   23.500000     1.826321     2.049756     2.481153
   24.500000     1.153989     1.232158     1.850909
   25.500000     0.615990     0.698535     1.395519
   26.500000     0.266009     0.321104     1.033379
   27.500000     0.078873     0.118633     0.777689
   28.500000    -0.095325    -0.000400     0.635691
   29.500000    -0.303818    -0.092599     0.516504
   30.500000    -0.256428    -0.097982     0.499613
   31.500000    -0.313547    -0.114063     0.504032
   32.500000    -0.270505    -0.117267     0.445282
   33.500000    -0.307919    -0.107643     0.481463
   34.500000    -0.255905    -0.127917     0.496854
   35.500000    -0.297910    -0.079633     0.539110
   36.500000    -0.293535    -0.112994     0.436116
   37.500000    -0.314314    -0.041428     0.506798
   38.500000    -0.262172    -0.091521     0.447444
   39.500000    -0.327564    -0.070951     0.452586
   40.500000    -0.308175    -0.052403     0.437193
   41.500000    -0.300737    -0.052403     0.485302
   42.500000    -0.329342    -0.103354     0.428324
   43.500000    -0.327055    -0.122598     0.437193
   44.500000    -0.330865    -0.125791     0.425910
   45.500000    -0.305100    -0.169029     0.447714
   46.500000    -0.371150    -0.140639     0.448796
   47.500000    -0.356872    -0.179463     0.444472
   48.500000    -0.344029    -0.131104     0.396863
   49.500000    -0.312781    -0.183625     0.408815
   50.500000    -0.337456    -0.242193     0.334321
   51.500000    -0.306638    -0.234055     0.375756
   52.500000    -0.323749    -0.255363     0.301198
   53.500000    -0.353102    -0.206392     0.311423
   54.500000    -0.291989    -0.232016     0.295338
   55.500000    -0.296367    -0.278495     0.301709
   56.500000    -0.275179    -0.226912     0.304261
   57.500000    -0.318908    -0.256373     0.362914
   58.500000    -0.332388    -0.247267     0.237971
   59.500000    -0.305100    -0.311318     0.277081
   60.500000    -0.281917    -0.288486     0.276828
   61.500000    -0.216111    -0.282496     0.284419
   62.500000    -0.218235    -0.277493     0.375493
   63.500000    -0.072932    -0.126854     0.478725
   64.500000     0.118903     0.086029     0.745233
   65.500000     0.401449     0.360786     1.068757
   66.500000     0.898822     0.756735     1.562372
   67.500000     1.416008     1.353534     2.233264
   68.500000     2.111225     2.150071     2.979931
   69.500000     3.011570     3.179227     3.879893
   70.500000     4.260157     4.457513     5.292850
   71.500000     5.938292     5.940275     6.978675
   72.500000     8.493651     7.814381     9.287182
   73.500000    10.549109     9.949901    11.791014
   74.500000    13.243078    13.092908    15.321810
   75.500000    18.147528    18.436797    20.327090
   76.500000    24.612199    21.205727    25.231541
   77.500000    24.612199    21.205727    25.231541
