           z    400-600ns    600-800ns   800-1000ns
    0.500000    17.784355    24.476668    25.135239
    1.500000    16.936314    24.476668    22.366309
    2.500000    17.468895    24.476668    18.670569
    3.500000    14.419633    24.476668    17.994439
    4.500000    13.079643    24.476668    17.461858
    5.500000    12.361077    18.011997    14.537778
    6.500000    11.452367    13.594918    12.328123
    7.500000    10.079170    10.652845    10.407234
    8.500000     7.326091     7.094315     7.926957
    9.500000     4.845091     4.611118     5.125470
   10.500000     2.782485     2.561873     3.126028
   11.500000     1.164327     1.020288     1.556882
   12.500000     0.178441    -0.009640     0.427716
   13.500000    -0.363643    -0.514164    -0.346237
   14.500000    -0.606584    -0.606584    -0.606584
   15.500000    -0.463936    -0.299577    -0.388114
   16.500000     0.116400     0.314576     0.310385
   17.500000     0.912078     1.065090     1.195078
   18.500000     1.787642     2.130143     2.478656
   19.500000     2.725466     3.072804     3.614244
   20.500000     3.243318     3.432122     4.140044
   21.500000     3.202732     3.051191     3.909069
   22.500000     2.432264     2.313726     3.474160
   23.500000     1.693448     1.524938     2.624253
   24.500000     1.154232     0.877461     1.779259
   25.500000     0.695741     0.328454     1.271024
   26.500000     0.282553    -0.072435     0.908252
   27.500000     0.029918    -0.320640     0.638609
   28.500000    -0.141204    -0.469694     0.486925
   29.500000    -0.244250    -0.596963     0.406349
   30.500000    -0.288816    -0.572748     0.372590
   31.500000    -0.270928    -0.542395     0.363337
   32.500000    -0.296811    -0.446522     0.301887
   33.500000    -0.324216    -0.483848     0.286559
   34.500000    -0.296039    -0.433184     0.262173
   35.500000    -0.230276    -0.472480     0.260086
   36.500000    -0.213829    -0.448312     0.286295
   37.500000    -0.257624    -0.419776     0.332559
   38.500000    -0.228689    -0.425199     0.247342
   39.500000    -0.269627    -0.409932     0.309853
   40.500000    -0.207167    -0.455714     0.313312
   41.500000    -0.235558    -0.464365     0.254616
   42.500000    -0.217552    -0.436012     0.284188
   43.500000    -0.264154    -0.475517     0.233114
   44.500000    -0.228159    -0.466650     0.282346
   45.500000    -0.307347    -0.456733     0.263739
   46.500000    -0.325489    -0.426747     0.265306
   47.500000    -0.313239    -0.469694     0.269228
   48.500000    -0.293977    -0.432155     0.299238
   49.500000    -0.327270    -0.454949     0.266351
   50.500000    -0.325743    -0.422360     0.226931
   51.500000    -0.283385    -0.441400     0.272370
   52.500000    -0.263111    -0.327890     0.317043
   53.500000    -0.271448    -0.393004     0.378322
   54.500000    -0.299128    -0.354032     0.349792
   55.500000    -0.312471    -0.347921     0.298973
   56.500000    -0.273788    -0.339394     0.348981
   57.500000    -0.370155    -0.267099     0.343046
   58.500000    -0.371905    -0.348985     0.266874
   59.500000    -0.384869    -0.302016     0.300032
   60.500000    -0.389837    -0.319026     0.288931
   61.500000    -0.403944    -0.303370     0.298179
   62.500000    -0.400487    -0.263801     0.289195
   63.500000    -0.262328    -0.234476     0.343585
   64.500000    -0.056528    -0.142955     0.511004
   65.500000     0.318783     0.184441     0.756456
   66.500000     0.797412     0.522565     1.156830
   67.500000     1.449803     1.053467     1.709257
   68.500000     2.296814     1.756753     2.459864
   69.500000     3.355949     2.640735     3.474160
   70.500000     4.717645     3.806675     4.840319
   71.500000     6.867012     5.418388     6.473575
   72.500000     9.162104     7.362981     9.155067
   73.500000    11.507460    10.195068    11.897467
   74.500000    16.936314    13.528588    14.321612
   75.500000    21.840765    18.433039    18.670569
   76.500000    24.609695    21.707737    20.230789
   77.500000    24.609695    21.707737    25.135239
