           z    400-600ns    600-800ns   800-1000ns
    0.500000    25.153659    23.789285    24.262304
    1.500000    25.153659    23.789285    24.262304
    2.500000    22.384728    23.789285    24.262304
    3.500000    19.615798    21.020355    24.262304
    4.500000    15.449789    18.884834    19.357853
    5.500000    13.151127    15.302389    17.436963
    6.500000    11.594224    11.919436    13.590708
    7.500000     9.415928     8.535665    10.417651
    8.500000     6.488928     5.587449     7.740254
    9.500000     4.179213     3.387533     4.909934
   10.500000     2.199693     1.660221     2.599358
   11.500000     0.814877     0.505307     1.006424
   12.500000    -0.091378    -0.206555     0.036328
   13.500000    -0.515206    -0.669800    -0.525844
   14.500000    -0.606584    -0.606584    -0.606584
   15.500000    -0.360201    -0.167071    -0.391710
   16.500000     0.264724     0.515130     0.211627
   17.500000     1.120764     1.490858     1.166031
   18.500000     2.120486     2.385421     2.381494
   19.500000     3.090563     3.267384     3.192851
   20.500000     3.491646     3.726172     3.382766
   21.500000     3.610072     3.679110     3.004174
   22.500000     3.134711     3.421603     2.319812
   23.500000     2.424564     2.783174     1.507679
   24.500000     1.841893     2.190569     0.846536
   25.500000     1.290611     1.672654     0.217420
   26.500000     0.931734     1.267000    -0.163970
   27.500000     0.596852     1.038292    -0.446056
   28.500000     0.502778     0.868505    -0.638273
   29.500000     0.401664     0.814174    -0.747631
   30.500000     0.349369     0.766422    -0.819267
   31.500000     0.330134     0.788813    -0.799249
   32.500000     0.338131     0.805876    -0.709780
   33.500000     0.377956     0.829180    -0.715795
   34.500000     0.369292     0.803668    -0.725787
   35.500000     0.462069     0.833085    -0.758975
   36.500000     0.432240     0.815283    -0.758729
   37.500000     0.432794     0.810298    -0.712037
   38.500000     0.438622     0.835878    -0.700228
   39.500000     0.465436     0.843154    -0.709529
   40.500000     0.465156     0.793205    -0.658838
   41.500000     0.382843     0.823612    -0.691651
   42.500000     0.391009     0.813066    -0.678221
   43.500000     0.393464     0.817501    -0.650889
   44.500000     0.342406     0.806981    -0.696195
   45.500000     0.286078     0.788264    -0.712288
   46.500000     0.284771     0.784428    -0.700732
   47.500000     0.318982     0.779505    -0.649605
   48.500000     0.315010     0.814174    -0.698716
   49.500000     0.304451     0.829737    -0.684565
   50.500000     0.286862     0.841473    -0.680761
   51.500000     0.277984     0.814728    -0.663954
   52.500000     0.227146     0.814728    -0.650889
   53.500000     0.304187     0.862849    -0.651660
   54.500000     0.264205     0.820832    -0.684311
   55.500000     0.325880     0.843715    -0.636207
   56.500000     0.328006     0.904429    -0.672626
   57.500000     0.284771     0.844275    -0.597944
   58.500000     0.372267     0.845958    -0.618580
   59.500000     0.392100     0.869071    -0.576345
   60.500000     0.322428     0.926928    -0.600303
   61.500000     0.380127     0.906728    -0.646262
   62.500000     0.395921     1.036476    -0.611546
   63.500000     0.578870     1.193798    -0.568131
   64.500000     0.833006     1.450594    -0.419170
   65.500000     1.106239     1.798021    -0.216997
   66.500000     1.570073     2.332240     0.226134
   67.500000     2.169145     3.000442     0.738174
   68.500000     2.958798     3.694700     1.484203
   69.500000     4.086567     5.066995     2.357656
   70.500000     5.377199     6.272943     3.659582
   71.500000     7.341263     8.012704     5.534031
   72.500000    10.084540    10.116300     7.690554
   73.500000    12.905040    12.652087    10.846247
   74.500000    18.012859    15.482494    14.558434
   75.500000    20.249208    19.732875    21.493373
   76.500000    25.153659    23.789285    24.262304
   77.500000    25.153659    23.789285    24.262304
