           z         mean           se
    0.500000    17.005960     0.887487
    1.500000    16.583676     0.753044
    2.500000    14.904969     0.454678
    3.500000    12.995081     0.375651
    4.500000    10.242297     0.162199
    5.500000     7.783237     0.091211
    6.500000     5.532751     0.070307
    7.500000     3.656620     0.054082
    8.500000     2.149302     0.044306
    9.500000     1.030429     0.032262
   10.500000     0.296682     0.016728
   11.500000     0.000000     0.000000
   12.500000     0.144333     0.018583
   13.500000     0.672902     0.031524
   14.500000     1.570165     0.042420
   15.500000     2.881803     0.044955
   16.500000     4.505485     0.051951
   17.500000     6.411511     0.065481
   18.500000     8.615244     0.120026
   19.500000    10.901302     0.193806
   20.500000    13.241944     0.308338
   21.500000    15.357412     0.408747
   22.500000    17.069450     0.764493
   23.500000    19.301523     1.428546
   24.500000    20.669282     1.786171
   25.500000    21.442837     2.044961
   26.500000    21.620150     2.198293
   27.500000    21.976013     2.144560
   28.500000    22.277939     2.134808
   29.500000    22.324812     2.050415
   30.500000    22.307172     2.020934
   31.500000    22.416381     1.983609
   32.500000    22.588531     1.988118
   33.500000    22.559489     2.001505
   34.500000    22.567675     1.995485
   35.500000    22.865947     1.995358
   36.500000    22.687568     1.943227
   37.500000    23.175988     2.070429
   38.500000    22.977895     1.944112
   39.500000    23.201214     1.837656
   40.500000    23.310358     2.016229
   41.500000    23.484948     1.943865
   42.500000    23.478991     1.951027
   43.500000    23.453673     1.966554
   44.500000    23.618893     1.922523
   45.500000    23.573123     1.931357
   46.500000    23.732946     1.899031
   47.500000    23.617258     1.928157
   48.500000    23.892064     1.905019
   49.500000    23.753640     1.933041
   50.500000    23.865236     1.889952
   51.500000    23.874250     1.883452
   52.500000    23.975106     1.891175
   53.500000    23.877040     1.882298
   54.500000    23.773734     1.921417
   55.500000    23.958909     1.904037
   56.500000    23.800910     1.886637
   57.500000    24.067730     1.891858
   58.500000    23.933042     1.878555
   59.500000    23.967089     1.858075
   60.500000    23.714099     1.939807
   61.500000    24.174629     1.924895
   62.500000    23.972446     1.854847
   63.500000    23.939220     1.874570
   64.500000    24.127887     1.797918
   65.500000    24.001065     1.784181
   66.500000    24.560719     1.679641
   67.500000    24.150826     1.718464
   68.500000    24.708635     1.589186
   69.500000    25.159061     1.556583
   70.500000    24.839754     1.372573
   71.500000    25.906487     1.133757
   72.500000    26.246186     0.915452
   73.500000    26.830843     0.657682
   74.500000    27.281555     0.602511
