           z         mean           se
    0.500000    -6.585630     0.887487
    1.500000    -7.007913     0.753044
    2.500000    -8.686620     0.454678
    3.500000   -10.596509     0.375651
    4.500000   -13.349292     0.162199
    5.500000   -15.808352     0.091211
    6.500000   -18.058839     0.070307
    7.500000   -19.934970     0.054082
    8.500000   -21.442288     0.044306
    9.500000   -22.561161     0.032262
   10.500000   -23.294908     0.016728
   11.500000   -23.591590     0.000000
   12.500000   -23.447257     0.018583
   13.500000   -22.918687     0.031524
   14.500000   -22.021425     0.042420
   15.500000   -20.709787     0.044955
   16.500000   -19.086104     0.051951
   17.500000   -17.180079     0.065481
   18.500000   -14.976346     0.120026
   19.500000   -12.690287     0.193806
   20.500000   -10.349646     0.308338
   21.500000    -8.234178     0.408747
   22.500000    -6.522139     0.764493
   23.500000    -4.290067     1.428546
   24.500000    -2.922307     1.786171
   25.500000    -2.148753     2.044961
   26.500000    -1.971440     2.198293
   27.500000    -1.615577     2.144560
   28.500000    -1.313651     2.134808
   29.500000    -1.266777     2.050415
   30.500000    -1.284418     2.020934
   31.500000    -1.175208     1.983609
   32.500000    -1.003058     1.988118
   33.500000    -1.032101     2.001505
   34.500000    -1.023914     1.995485
   35.500000    -0.725642     1.995358
   36.500000    -0.904022     1.943227
   37.500000    -0.415601     2.070429
   38.500000    -0.613695     1.944112
   39.500000    -0.390376     1.837656
   40.500000    -0.281231     2.016229
   41.500000    -0.106641     1.943865
   42.500000    -0.112598     1.951027
   43.500000    -0.137916     1.966554
   44.500000     0.027304     1.922523
   45.500000    -0.018467     1.931357
   46.500000     0.141357     1.899031
   47.500000     0.025669     1.928157
   48.500000     0.300474     1.905019
   49.500000     0.162050     1.933041
   50.500000     0.273646     1.889952
   51.500000     0.282660     1.883452
   52.500000     0.383516     1.891175
   53.500000     0.285450     1.882298
   54.500000     0.182145     1.921417
   55.500000     0.367319     1.904037
   56.500000     0.209321     1.886637
   57.500000     0.476141     1.891858
   58.500000     0.341452     1.878555
   59.500000     0.375500     1.858075
   60.500000     0.122510     1.939807
   61.500000     0.583040     1.924895
   62.500000     0.380856     1.854847
   63.500000     0.347630     1.874570
   64.500000     0.536298     1.797918
   65.500000     0.409475     1.784181
   66.500000     0.969130     1.679641
   67.500000     0.559236     1.718464
   68.500000     1.117045     1.589186
   69.500000     1.567471     1.556583
   70.500000     1.248165     1.372573
   71.500000     2.314897     1.133757
   72.500000     2.654596     0.915452
   73.500000     3.239254     0.657682
   74.500000     3.689966     0.602511
