           z    400-600ns    600-800ns   800-1000ns
    0.500000    -5.919578    -7.783191    -5.946770
    1.500000    -6.057716    -8.562646    -6.367811
    2.500000    -8.517154    -9.487544    -8.015960
    3.500000   -11.102225   -10.736888   -10.345452
    4.500000   -13.606446   -13.687729   -13.269533
    5.500000   -15.967447   -16.374070   -15.670065
    6.500000   -18.394392   -18.345569   -17.787553
    7.500000   -20.287151   -20.080894   -19.770592
    8.500000   -21.714688   -21.536695   -21.365241
    9.500000   -22.753830   -22.695416   -22.504419
   10.500000   -23.380589   -23.377731   -23.251965
   11.500000   -23.591590   -23.591590   -23.591590
   12.500000   -23.382259   -23.373068   -23.409381
   13.500000   -22.832362   -22.843300   -22.910187
   14.500000   -21.940367   -21.973245   -22.011188
   15.500000   -20.608178   -20.734059   -20.610198
   16.500000   -18.887275   -19.103892   -18.958798
   17.500000   -16.906997   -17.341115   -16.994045
   18.500000   -14.585987   -14.902005   -14.868042
   19.500000   -11.857764   -12.449597   -12.112377
   20.500000    -9.020618    -9.748789    -9.004059
   21.500000    -7.345196    -6.948646    -6.367811
   22.500000    -6.999988    -4.272217    -2.672071
   23.500000    -7.501549     2.059770     0.096859
   24.500000    -7.135041     4.828701     0.096859
   25.500000    -5.618278     4.828701     0.096859
   26.500000    -5.618278     4.828701     0.096859
   27.500000    -2.597098     4.828701     0.096859
   28.500000    -0.080417     4.828701     0.096859
   29.500000    -1.219595     4.828701     0.096859
   30.500000    -2.001306     4.828701     0.096859
   31.500000    -1.640637     4.828701     0.096859
   32.500000    -0.080417     4.828701     0.096859
   33.500000    -0.080417     4.828701     0.096859
   34.500000    -0.080417     4.828701     0.096859
   35.500000     2.055103     4.828701     0.096859
   36.500000    -0.080417     4.828701     0.096859
   37.500000     4.824034     4.828701     0.096859
   38.500000     2.055103     4.828701     0.096859
   39.500000     2.055103     4.828701     0.096859
   40.500000     4.824034     4.828701     0.096859
   41.500000     4.824034     4.828701     0.096859
   42.500000     4.824034     4.828701     0.096859
   43.500000     4.824034     4.828701     0.096859
   44.500000     4.824034     4.828701     0.096859
   45.500000     4.824034     4.828701     0.096859
   46.500000     4.824034     4.828701     0.096859
   47.500000     4.824034     4.828701     0.096859
   48.500000     4.824034     4.828701     0.096859
   49.500000     4.824034     4.828701     0.096859
   50.500000     4.824034     4.828701     0.096859
   51.500000     4.824034     4.828701     0.096859
   52.500000     4.824034     4.828701     0.096859
   53.500000     4.824034     4.828701     0.096859
   54.500000     4.824034     4.828701     0.096859
   55.500000     4.824034     4.828701     0.096859
   56.500000     4.824034     4.828701     0.096859
   57.500000     4.824034     4.828701     0.096859
   58.500000     4.824034     4.828701     0.096859
   59.500000     4.824034     4.828701     0.096859
   60.500000     4.824034     4.828701     0.096859
   61.500000     4.824034     4.828701     0.096859
   62.500000     4.824034     4.828701     0.096859
   63.500000     4.824034     4.828701     0.096859
   64.500000     4.824034     4.828701     0.096859
   65.500000     4.824034     4.828701     0.096859
   66.500000     4.824034     4.828701     0.096859
   67.500000     4.824034     4.828701     0.096859
   68.500000     4.824034     4.828701     0.096859
   69.500000     4.824034     4.828701     0.096859
   70.500000     4.824034     4.828701     0.096859
   71.500000     4.824034     4.828701     0.096859
   72.500000     4.824034     4.828701     0.096859
   73.500000     4.824034     4.828701     0.096859
   74.500000     4.824034     4.828701     0.096859
