           z    400-600ns    600-800ns   800-1000ns
    0.500000    -7.866815    -8.061772    -8.588980
    1.500000    -7.551355    -9.167805    -8.564745
    2.500000    -8.529342    -9.875788    -8.752396
    3.500000    -9.572293   -12.038455   -10.268766
    4.500000   -12.694812   -13.923365   -13.008631
    5.500000   -15.623523   -15.981441   -15.570190
    6.500000   -17.869141   -18.207494   -18.036492
    7.500000   -19.851827   -19.946533   -19.866063
    8.500000   -21.386771   -21.407809   -21.412372
    9.500000   -22.502723   -22.502137   -22.526967
   10.500000   -23.260503   -23.250647   -23.291692
   11.500000   -23.591590   -23.591590   -23.591590
   12.500000   -23.520837   -23.477399   -23.405660
   13.500000   -23.092528   -22.926096   -22.801629
   14.500000   -22.182161   -21.961346   -21.864975
   15.500000   -20.886908   -20.624983   -20.577869
   16.500000   -19.236660   -19.149390   -18.893606
   17.500000   -17.399574   -17.310805   -16.901125
   18.500000   -15.389898   -15.289822   -14.272614
   19.500000   -13.437409   -13.458233   -12.157247
   20.500000   -11.331822   -11.567067   -10.802527
   21.500000    -9.270195    -9.355281    -9.895681
   22.500000    -7.696454    -8.478165    -8.729689
   23.500000    -4.892024    -8.674978    -7.169470
   24.500000    -1.231783    -8.627197    -6.901566
   25.500000     2.042915    -8.922716    -8.388246
   26.500000     4.811846    -9.281955    -9.030347
   27.500000     4.811846    -9.068564    -9.110050
   28.500000     4.811846    -9.148267    -9.070514
   29.500000     4.811846    -9.068564    -8.023555
   30.500000     4.811846    -8.879446    -7.736111
   31.500000     4.811846    -8.478165    -7.993188
   32.500000     4.811846    -8.061772    -8.170130
   33.500000     4.811846    -8.121429    -8.335461
   34.500000     4.811846    -8.236667    -8.515565
   35.500000     4.811846    -7.873830    -8.308648
   36.500000     4.811846    -7.207687    -8.706777
   37.500000     4.811846    -7.670736    -8.706777
   38.500000     4.811846    -7.121511    -8.361992
   39.500000     4.811846    -6.586351    -7.293448
   40.500000     4.811846    -6.586351    -8.053560
   41.500000     4.811846    -5.439417    -7.899830
   42.500000     4.811846    -5.352499    -7.769716
   43.500000     4.811846    -5.262475    -7.962451
   44.500000     4.811846    -3.649332    -8.141489
   45.500000     4.811846    -4.123297    -8.170130
   46.500000     4.811846    -2.583568    -8.308648
   47.500000     4.811846    -3.469227    -8.540275
   48.500000     4.811846    -0.700297    -8.361992
   49.500000     4.811846    -1.627107    -8.968871
   50.500000     4.811846    -1.206065    -8.439948
   51.500000     4.811846    -1.206065    -8.588980
   52.500000     4.811846    -0.066887    -8.683654
   53.500000     4.811846    -1.206065    -8.465407
   54.500000     4.811846    -1.627107    -8.752396
   55.500000     4.811846    -0.066887    -8.361992
   56.500000     4.811846    -1.987776    -8.388246
   57.500000     4.811846     0.781154    -8.660317
   58.500000     4.811846    -0.700297    -8.335461
   59.500000     4.811846    -0.700297    -8.141489
   60.500000     4.811846    -1.987776    -8.612984
   61.500000     4.811846     2.068633    -8.540275
   62.500000     4.811846    -0.700297    -8.112519
   63.500000     4.811846    -0.700297    -8.335461
   64.500000     4.811846    -0.066887    -7.835613
   65.500000     4.811846    -1.627107    -8.023555
   66.500000     4.811846     2.068633    -7.524485
   67.500000     4.811846    -1.206065    -7.126750
   68.500000     4.811846     2.068633    -6.321429
   69.500000     4.811846     4.837564    -5.314281
   70.500000     4.811846    -0.066887    -4.603907
   71.500000     4.811846     4.837564    -1.167848
   72.500000     4.811846     4.837564    -1.167848
   73.500000     4.811846     4.837564     0.819371
   74.500000     4.811846     4.837564     4.875781
