           z    400-600ns    600-800ns   800-1000ns
    0.500000    -6.402020    -0.074856    -8.626688
    1.500000    -7.274771    -1.635075    -7.889293
    2.500000    -9.445176    -5.531407   -10.024813
    3.500000   -11.379886    -8.354834   -11.569781
    4.500000   -13.841383   -12.598217   -13.513514
    5.500000   -15.861415   -15.481323   -15.745698
    6.500000   -17.990524   -17.959268   -17.939116
    7.500000   -19.955039   -19.787718   -19.868911
    8.500000   -21.508702   -21.238139   -21.410174
    9.500000   -22.571414   -22.489427   -22.504114
   10.500000   -23.289828   -23.266183   -23.285033
   11.500000   -23.591590   -23.591590   -23.591590
   12.500000   -23.501983   -23.497858   -23.456867
   13.500000   -22.900221   -23.036951   -22.924910
   14.500000   -21.946197   -22.267125   -22.046220
   15.500000   -20.628285   -20.952757   -20.764843
   16.500000   -19.006903   -19.293795   -19.244618
   17.500000   -17.208494   -17.350116   -17.208437
   18.500000   -15.145158   -15.134842   -15.198743
   19.500000   -12.971449   -13.012704   -12.755806
   20.500000   -10.844465   -10.447635   -10.379828
   21.500000    -8.658736    -7.495988    -8.770066
   22.500000    -6.027944    -4.530052    -9.292672
   23.500000    -0.684055    -1.995745    -9.849411
   24.500000     2.084875     0.773185   -10.188798
   25.500000     2.084875     4.829595   -10.292479
   26.500000     2.084875     4.829595   -10.464251
   27.500000     2.084875     4.829595   -10.416356
   28.500000     2.084875     4.829595   -10.175533
   29.500000     2.084875     4.829595    -9.741157
   30.500000     2.084875     4.829595    -9.594770
   31.500000     2.084875     4.829595    -9.116760
   32.500000     2.084875     4.829595    -9.367080
   33.500000     2.084875     4.829595    -9.403476
   34.500000     2.084875     4.829595    -9.034454
   35.500000     2.084875     4.829595    -9.055284
   36.500000     2.084875     4.829595    -8.793189
   37.500000     2.084875     4.829595    -8.838808
   38.500000     2.084875     4.829595    -8.746729
   39.500000     2.084875     4.829595    -8.340564
   40.500000     2.084875     4.829595    -9.367080
   41.500000     2.084875     4.829595    -9.096434
   42.500000     2.084875     4.829595    -9.367080
   43.500000     2.084875     4.829595    -9.492232
   44.500000     2.084875     4.829595    -9.439355
   45.500000     2.084875     4.829595    -9.348683
   46.500000     2.084875     4.829595    -9.311481
   47.500000     2.084875     4.829595    -9.235388
   48.500000     2.084875     4.829595    -9.709353
   49.500000     2.084875     4.829595    -9.421479
   50.500000     2.084875     4.829595    -9.367080
   51.500000     2.084875     4.829595    -9.136923
   52.500000     2.084875     4.829595    -9.273722
   53.500000     2.084875     4.829595    -9.235388
   54.500000     2.084875     4.829595    -9.457104
   55.500000     2.084875     4.829595    -9.741157
   56.500000     2.084875     4.829595    -9.216001
   57.500000     2.084875     4.829595    -9.311481
   58.500000     2.084875     4.829595    -9.367080
   59.500000     2.084875     4.829595    -9.254628
   60.500000     2.084875     4.829595    -9.772564
   61.500000     2.084875     4.829595    -9.756909
   62.500000     2.084875     4.829595    -9.235388
   63.500000     2.084875     4.829595    -9.311481
   64.500000     2.084875     4.829595    -8.746729
   65.500000     2.084875     4.829595    -8.139972
   66.500000     2.084875     4.829595    -7.297890
   67.500000     2.084875     4.829595    -8.109968
   68.500000     2.084875     4.829595    -7.169707
   69.500000     2.084875     4.829595    -6.891952
   70.500000     2.084875     4.829595    -5.571633
   71.500000     2.084875     4.829595    -4.311550
   72.500000     2.084875     4.829595    -1.254261
   73.500000     2.084875     4.829595     2.020438
   74.500000     2.084875     4.829595     2.020438
