           z         mean           se
    0.500000   -17.378981     0.000000
    1.500000   -17.285761     0.003866
    2.500000   -17.072714     0.006926
    3.500000   -16.730208     0.011620
    4.500000   -16.310568     0.020523
    5.500000   -15.902415     0.028762
    6.500000   -15.532090     0.035410
    7.500000   -15.315226     0.043966
    8.500000   -15.165179     0.047494
    9.500000   -15.089877     0.056364
   10.500000   -14.951272     0.057782
   11.500000   -14.643371     0.055898
   12.500000   -14.117720     0.066618
   13.500000   -13.222713     0.073697
   14.500000   -11.982334     0.081099
   15.500000   -10.341736     0.095825
   16.500000    -8.317690     0.144468
   17.500000    -6.136840     0.209384
   18.500000    -3.751421     0.269013
   19.500000    -1.459294     0.308402
   20.500000    -0.228930     0.376448
   21.500000     0.846651     0.672346
   22.500000     2.002795     1.451844
   23.500000     1.365353     1.786720
   24.500000     0.913676     1.878754
   25.500000     0.521930     1.982354
   26.500000     0.004653     2.068636
   27.500000    -0.170564     2.099741
   28.500000    -0.266354     2.113219
   29.500000    -0.327292     2.128940
   30.500000    -0.364940     2.130038
   31.500000    -0.197508     2.111186
   32.500000    -0.126784     2.116475
   33.500000    -0.160030     2.106884
   34.500000    -0.150497     2.105057
   35.500000    -0.288968     2.153768
   36.500000    -0.185633     2.139054
   37.500000    -0.089995     2.140432
   38.500000    -0.118947     2.148047
   39.500000    -0.139623     2.149057
   40.500000    -0.119897     2.151344
   41.500000    -0.118015     2.166458
   42.500000    -0.048796     2.151004
   43.500000     0.027974     2.119993
   44.500000    -0.012490     2.113919
   45.500000     0.136208     2.116463
   46.500000     0.036067     2.134913
   47.500000     0.144069     2.105739
   48.500000    -0.024741     2.113945
   49.500000    -0.020380     2.143694
   50.500000    -0.071733     2.107862
   51.500000    -0.172326     2.117707
   52.500000    -0.073679     2.128605
   53.500000     0.095363     2.097838
   54.500000    -0.145031     2.106778
   55.500000    -0.160742     2.122679
   56.500000    -0.302522     2.120248
   57.500000    -0.243163     2.122879
   58.500000    -0.307540     2.160709
   59.500000    -0.257587     2.133574
   60.500000    -0.287923     2.132110
   61.500000    -0.164650     2.098489
   62.500000    -0.156678     2.126363
   63.500000    -0.210260     2.113077
   64.500000    -0.048562     2.102173
   65.500000     0.125727     2.071945
   66.500000     0.264641     2.029741
   67.500000     0.892491     1.957102
   68.500000     1.330090     1.840979
   69.500000     1.827694     1.747196
   70.500000     3.401582     1.523119
   71.500000     4.679024     1.329730
   72.500000     6.462589     1.189121
   73.500000     7.940507     0.765903
   74.500000     9.205787     0.550700
