           z         mean           se
    0.500000     0.000000     0.000000
    1.500000     0.093220     0.003866
    2.500000     0.306267     0.006926
    3.500000     0.648773     0.011620
    4.500000     1.068412     0.020523
    5.500000     1.476566     0.028762
    6.500000     1.846891     0.035410
    7.500000     2.063754     0.043966
    8.500000     2.213801     0.047494
    9.500000     2.289104     0.056364
   10.500000     2.427708     0.057782
   11.500000     2.735610     0.055898
   12.500000     3.261261     0.066618
   13.500000     4.156268     0.073697
   14.500000     5.396647     0.081099
   15.500000     7.037245     0.095825
   16.500000     9.061290     0.144468
   17.500000    11.242141     0.209384
   18.500000    13.627560     0.269013
   19.500000    15.919687     0.308402
   20.500000    17.150051     0.376448
   21.500000    18.225632     0.672346
   22.500000    19.381776     1.451844
   23.500000    18.744334     1.786720
   24.500000    18.292657     1.878754
   25.500000    17.900911     1.982354
   26.500000    17.383634     2.068636
   27.500000    17.208417     2.099741
   28.500000    17.112627     2.113219
   29.500000    17.051689     2.128940
   30.500000    17.014041     2.130038
   31.500000    17.181472     2.111186
   32.500000    17.252197     2.116475
   33.500000    17.218951     2.106884
   34.500000    17.228484     2.105057
   35.500000    17.090013     2.153768
   36.500000    17.193348     2.139054
   37.500000    17.288986     2.140432
   38.500000    17.260034     2.148047
   39.500000    17.239358     2.149057
   40.500000    17.259084     2.151344
   41.500000    17.260966     2.166458
   42.500000    17.330185     2.151004
   43.500000    17.406955     2.119993
   44.500000    17.366491     2.113919
   45.500000    17.515189     2.116463
   46.500000    17.415048     2.134913
   47.500000    17.523050     2.105739
   48.500000    17.354240     2.113945
   49.500000    17.358601     2.143694
   50.500000    17.307248     2.107862
   51.500000    17.206655     2.117707
   52.500000    17.305302     2.128605
   53.500000    17.474344     2.097838
   54.500000    17.233950     2.106778
   55.500000    17.218239     2.122679
   56.500000    17.076459     2.120248
   57.500000    17.135818     2.122879
   58.500000    17.071441     2.160709
   59.500000    17.121394     2.133574
   60.500000    17.091058     2.132110
   61.500000    17.214331     2.098489
   62.500000    17.222303     2.126363
   63.500000    17.168721     2.113077
   64.500000    17.330419     2.102173
   65.500000    17.504708     2.071945
   66.500000    17.643621     2.029741
   67.500000    18.271472     1.957102
   68.500000    18.709071     1.840979
   69.500000    19.206675     1.747196
   70.500000    20.780563     1.523119
   71.500000    22.058004     1.329730
   72.500000    23.841570     1.189121
   73.500000    25.319488     0.765903
   74.500000    26.584768     0.550700
