           z    400-600ns    600-800ns   800-1000ns
    0.500000   -17.378981   -17.378981   -17.378981
    1.500000   -17.265328   -17.290563   -17.280882
    2.500000   -17.049324   -17.076288   -17.061849
    3.500000   -16.707621   -16.742920   -16.715085
    4.500000   -16.248069   -16.271034   -16.299079
    5.500000   -15.821435   -15.847741   -15.852641
    6.500000   -15.407315   -15.457952   -15.578765
    7.500000   -15.195623   -15.138700   -15.444273
    8.500000   -15.033151   -15.023722   -15.307285
    9.500000   -14.868296   -14.929183   -15.188992
   10.500000   -14.674986   -14.833641   -14.990218
   11.500000   -14.364273   -14.510486   -14.717271
   12.500000   -13.816379   -13.933883   -14.231954
   13.500000   -12.848809   -13.080603   -13.328108
   14.500000   -11.647021   -11.905217   -12.128904
   15.500000   -10.165721   -10.125890   -10.704717
   16.500000    -8.158656    -8.043784    -9.070286
   17.500000    -6.349345    -5.969182    -7.141400
   18.500000    -3.467120    -4.059018    -4.588767
   19.500000    -1.219710    -2.058923    -2.417717
   20.500000     1.077949    -1.019181    -0.558680
   21.500000     5.653186    -0.674958     1.029753
   22.500000    10.557637    -1.676313     2.968267
   23.500000    10.557637    -2.263391     1.576840
   24.500000    10.557637    -3.484540     0.685529
   25.500000    10.557637    -4.026705     0.685529
   26.500000    10.557637    -4.706658    -0.686322
   27.500000    10.557637    -4.244652    -1.088142
   28.500000    10.557637    -4.274304    -1.525457
   29.500000    10.557637    -4.526553    -1.387947
   30.500000    10.557637    -4.553084    -1.480449
   31.500000    10.557637    -4.090922    -1.480449
   32.500000    10.557637    -4.153544    -1.340392
   33.500000    10.557637    -3.443888    -0.979722
   34.500000    10.557637    -3.893143    -1.340392
   35.500000    10.557637    -4.472639    -0.807810
   36.500000    10.557637    -4.332581    -0.866427
   37.500000    10.557637    -4.303611    -0.558680
   38.500000    10.557637    -4.332581    -0.354213
   39.500000    10.557637    -4.153544    -0.354213
   40.500000    10.557637    -4.361222    -0.492351
   41.500000    10.557637    -4.553084    -0.208062
   42.500000    10.557637    -4.526553    -0.208062
   43.500000    10.557637    -4.214647    -0.686322
   44.500000    10.557637    -4.303611    -0.807810
   45.500000    10.557637    -4.389542    -0.424228
   46.500000    10.557637    -4.417546    -0.686322
   47.500000    10.557637    -4.332581    -1.192091
   48.500000    10.557637    -4.499740    -1.859219
   49.500000    10.557637    -4.827853    -2.118900
   50.500000    10.557637    -4.656499    -2.118900
   51.500000    10.557637    -4.755837    -1.897995
   52.500000    10.557637    -4.731367    -2.153906
   53.500000    10.557637    -4.526553    -2.222492
   54.500000    10.557637    -4.445243    -2.598901
   55.500000    10.557637    -4.553084    -3.075362
   56.500000    10.557637    -4.731367    -2.900611
   57.500000    10.557637    -4.755837    -2.874628
   58.500000    10.557637    -5.118130    -3.370880
   59.500000    10.557637    -4.827853    -3.099366
   60.500000    10.557637    -4.943488    -3.026657
   61.500000    10.557637    -4.472639    -3.075362
   62.500000    10.557637    -4.274304    -3.392240
   63.500000    10.557637    -4.445243    -3.305694
   64.500000    10.557637    -4.361222    -3.596432
   65.500000    10.557637    -4.303611    -3.434423
   66.500000    10.557637    -3.823611    -3.075362
   67.500000    10.557637    -3.484540    -2.874628
   68.500000    10.557637    -2.628421    -1.779830
   69.500000    10.557637    -1.676313    -1.088142
   70.500000    10.557637    -0.794999     0.909712
   71.500000    10.557637     0.782023     1.734415
   72.500000    10.557637     1.263557     4.851538
   73.500000    10.557637     8.684689     6.332990
   74.500000    10.557637     5.915758    10.389399
