           z    400-600ns    600-800ns   800-1000ns
    0.500000   -17.378981   -17.378981   -17.378981
    1.500000   -17.304250   -17.292266   -17.277649
    2.500000   -17.102708   -17.059885   -17.059470
    3.500000   -16.722538   -16.661260   -16.764156
    4.500000   -16.347611   -16.207668   -16.351679
    5.500000   -15.959122   -15.802991   -15.974289
    6.500000   -15.598014   -15.405195   -15.577908
    7.500000   -15.397463   -15.185512   -15.340614
    8.500000   -15.294579   -15.026401   -15.185897
    9.500000   -15.332905   -14.998739   -15.027706
   10.500000   -15.184337   -14.888010   -14.893941
   11.500000   -14.830278   -14.666352   -14.604740
   12.500000   -14.390328   -14.115104   -14.106077
   13.500000   -13.558683   -13.274535   -13.265203
   14.500000   -12.325788   -12.033736   -12.206372
   15.500000   -10.588345   -10.502701   -10.602939
   16.500000    -8.192854    -8.513489    -8.809291
   17.500000    -5.692497    -6.335585    -6.854634
   18.500000    -3.065480    -3.901172    -4.769944
   19.500000    -0.637662    -2.374898    -1.446185
   20.500000    -0.222415    -1.893364    -0.389964
   21.500000     1.888151    -1.097833    -0.247932
   22.500000     7.606116    -2.111087     0.416983
   23.500000    10.375046    -2.883511    -0.713534
   24.500000    10.375046    -3.008308    -0.524416
   25.500000    10.375046    -3.705833    -0.652058
   26.500000    10.375046    -4.410046    -0.524416
   27.500000    10.375046    -4.478913    -1.491193
   28.500000    10.375046    -4.699913    -1.353683
   29.500000    10.375046    -4.585330    -1.000251
   30.500000    10.375046    -4.034293    -1.446185
   31.500000    10.375046    -4.050450    -1.157826
   32.500000    10.375046    -3.985193    -1.000251
   33.500000    10.375046    -4.687436    -1.306127
   34.500000    10.375046    -3.985193    -1.208236
   35.500000    10.375046    -4.699913    -1.824955
   36.500000    10.375046    -4.451591    -1.157826
   37.500000    10.375046    -4.281134    -0.713534
   38.500000    10.375046    -4.519348    -1.400359
   39.500000    10.375046    -4.724684    -1.157826
   40.500000    10.375046    -4.251569    -1.257657
   41.500000    10.375046    -4.423970    -1.000251
   42.500000    10.375046    -3.951920    -1.491193
   43.500000    10.375046    -3.985193    -0.889447
   44.500000    10.375046    -3.649822    -0.945458
   45.500000    10.375046    -3.349421    -0.652058
   46.500000    10.375046    -3.573151     0.146683
   47.500000    10.375046    -2.883511    -0.173798
   48.500000    10.375046    -2.983838     0.062662
   49.500000    10.375046    -3.032543     0.416983
   50.500000    10.375046    -2.934174    -0.173798
   51.500000    10.375046    -2.983838    -0.589045
   52.500000    10.375046    -3.668631     0.323625
   53.500000    10.375046    -3.306520     0.943976
   54.500000    10.375046    -3.514076    -0.018648
   55.500000    10.375046    -3.687301     0.829393
   56.500000    10.375046    -3.453584    -0.247932
   57.500000    10.375046    -4.050450     0.233601
   58.500000    10.375046    -3.884027     1.064017
   59.500000    10.375046    -3.935118     0.323625
   60.500000    10.375046    -3.918202     0.614762
   61.500000    10.375046    -3.668631     0.323625
   62.500000    10.375046    -3.985193     1.064017
   63.500000    10.375046    -3.918202     0.614762
   64.500000    10.375046    -4.281134     1.064017
   65.500000    10.375046    -4.206561     0.719793
   66.500000    10.375046    -3.935118     1.462803
   67.500000    10.375046    -3.328062     1.768680
   68.500000    10.375046    -2.983838     2.750282
   69.500000    10.375046    -2.613693     3.282863
   70.500000    10.375046    -0.580490     5.519213
   71.500000    10.375046     0.952530     7.654733
   72.500000    10.375046     4.894357    10.423664
   73.500000    10.375046     6.375808    10.423664
   74.500000    10.375046    10.432218    10.423664
