           z    400-600ns    600-800ns   800-1000ns
    0.500000   -17.378981   -17.378981   -17.378981
    1.500000   -17.294086   -17.289786   -17.277035
    2.500000   -17.097747   -17.094888   -17.052264
    3.500000   -16.782532   -16.738228   -16.737535
    4.500000   -16.300852   -16.380639   -16.388485
    5.500000   -15.854180   -16.059586   -15.949749
    6.500000   -15.453044   -15.718042   -15.592575
    7.500000   -15.245986   -15.530002   -15.358864
    8.500000   -15.026818   -15.383298   -15.205464
    9.500000   -14.959525   -15.292672   -15.210872
   10.500000   -14.827193   -15.182025   -15.087101
   11.500000   -14.479173   -14.860129   -14.757633
   12.500000   -13.979755   -14.411822   -14.074173
   13.500000   -13.090027   -13.477447   -13.081005
   14.500000   -11.759534   -12.146084   -11.688348
   15.500000    -9.913917   -10.449389   -10.022000
   16.500000    -7.843245    -8.454517    -7.773092
   17.500000    -5.324447    -6.235316    -5.329155
   18.500000    -3.602475    -4.171402    -2.137413
   19.500000    -0.793378    -2.374491     0.189318
   20.500000     0.066839    -0.972429     1.850874
   21.500000    -0.098492     0.604593     0.563394
   22.500000    -1.133722     0.833878     0.563394
   23.500000    -2.867423    -1.682804     0.189318
   24.500000    -3.867028    -2.374491    -0.136346
   25.500000    -4.470362    -3.929536    -0.136346
   26.500000    -5.025700    -4.510012    -1.027656
   27.500000    -5.824721    -4.782752    -0.557387
   28.500000    -6.022967    -4.650069    -0.803474
   29.500000    -6.213830    -4.833929    -1.330466
   30.500000    -6.030581    -5.439036    -1.233516
   31.500000    -6.185391    -5.187835    -0.557387
   32.500000    -6.098096    -5.517498     0.021230
   33.500000    -5.976791    -5.295560    -0.683433
   34.500000    -6.098096    -5.337393    -0.424704
   35.500000    -6.391251    -5.358053     0.021230
   36.500000    -6.185391    -5.630793     0.021230
   37.500000    -6.371405    -5.703589     0.189318
   38.500000    -6.220890    -5.739213     0.563394
   39.500000    -6.569310    -5.419033     0.189318
   40.500000    -6.581560    -5.630793     0.563394
   41.500000    -6.798060    -5.574782     0.563394
   42.500000    -6.475488    -5.721464     1.002833
   43.500000    -6.469107    -5.209752     0.773549
   44.500000    -6.391251    -5.316564     0.369423
   45.500000    -6.557000    -5.337393     1.002833
   46.500000    -6.848025    -5.419033     0.189318
   47.500000    -6.706711    -5.120918     0.773549
   48.500000    -6.617956    -5.120918    -0.136346
   49.500000    -6.718312    -5.398869     0.563394
   50.500000    -6.358088    -5.052176    -0.284646
   51.500000    -6.544630    -5.028839    -0.683433
   52.500000    -6.629972    -4.756768     0.021230
   53.500000    -6.404395    -4.422082    -0.136346
   54.500000    -6.220890    -4.756768    -0.683433
   55.500000    -6.134837    -4.730514    -1.027656
   56.500000    -6.220890    -4.677170    -1.423825
   57.500000    -5.969012    -4.677170    -1.027656
   58.500000    -5.992277    -5.165726    -1.233516
   59.500000    -5.999984    -4.908798    -0.803474
   60.500000    -5.740840    -4.908798    -1.600767
   61.500000    -5.749355    -4.538653    -1.233516
   62.500000    -5.808167    -5.028839    -0.918057
   63.500000    -5.808167    -4.538653    -1.423825
   64.500000    -5.499342    -4.138239    -0.557387
   65.500000    -5.324447    -3.621318     0.369423
   66.500000    -4.991486    -3.270088    -0.918057
   67.500000    -4.526217    -2.306368     1.850874
   68.500000    -3.602475    -1.087012     0.369423
   69.500000    -2.971910     0.020363     0.563394
   70.500000    -1.186232     2.042588     3.771763
   71.500000     0.984173     4.450849     4.619804
   72.500000     2.670438     8.507259     4.619804
   73.500000     4.300190     8.507259     5.907284
   74.500000     7.574889     8.507259     8.676214
