           z         mean           se
    0.500000    -8.766345     0.000000
    1.500000    -8.642812     0.006789
    2.500000    -8.394002     0.010458
    3.500000    -8.035128     0.014665
    4.500000    -7.607401     0.015152
    5.500000    -7.181861     0.015642
    6.500000    -6.830744     0.020110
    7.500000    -6.557199     0.023149
    8.500000    -6.393897     0.030506
    9.500000    -6.282553     0.035839
   10.500000    -6.193061     0.037311
   11.500000    -6.045258     0.035120
   12.500000    -5.723072     0.029269
   13.500000    -5.125867     0.030518
   14.500000    -4.259889     0.051000
   15.500000    -3.111818     0.060012
   16.500000    -1.784002     0.076355
   17.500000    -0.253094     0.074340
   18.500000     1.121118     0.115903
   19.500000     2.337319     0.139736
   20.500000     3.073102     0.162288
   21.500000     3.069622     0.212018
   22.500000     2.511026     0.237296
   23.500000     1.907741     0.252134
   24.500000     1.240350     0.254690
   25.500000     0.710675     0.246296
   26.500000     0.332141     0.237080
   27.500000     0.094889     0.256202
   28.500000    -0.031523     0.230502
   29.500000    -0.073205     0.229208
   30.500000    -0.066737     0.228760
   31.500000    -0.067081     0.211587
   32.500000    -0.052545     0.223523
   33.500000    -0.045160     0.239340
   34.500000    -0.014753     0.231393
   35.500000    -0.036997     0.242021
   36.500000    -0.030946     0.238158
   37.500000    -0.011807     0.247486
   38.500000    -0.052652     0.266008
   39.500000     0.009534     0.248612
   40.500000    -0.004887     0.233596
   41.500000    -0.000339     0.255824
   42.500000    -0.009548     0.224433
   43.500000     0.001941     0.255088
   44.500000    -0.033205     0.247610
   45.500000    -0.002421     0.256348
   46.500000    -0.025446     0.234830
   47.500000    -0.003065     0.242349
   48.500000     0.049214     0.246605
   49.500000     0.027755     0.236508
   50.500000     0.027948     0.238849
   51.500000     0.036903     0.228230
   52.500000    -0.008399     0.243479
   53.500000     0.017622     0.232418
   54.500000     0.039606     0.239978
   55.500000    -0.011743     0.243327
   56.500000     0.006750     0.240598
   57.500000    -0.024302     0.230496
   58.500000    -0.023072     0.238766
   59.500000    -0.013307     0.237129
   60.500000    -0.017050     0.228543
   61.500000     0.000717     0.218161
   62.500000    -0.044339     0.237431
   63.500000     0.037486     0.218525
   64.500000     0.143160     0.238059
   65.500000     0.349298     0.241505
   66.500000     0.709400     0.234708
   67.500000     1.316149     0.251926
   68.500000     2.290378     0.250384
   69.500000     3.656498     0.266189
   70.500000     5.459993     0.267842
   71.500000     7.825626     0.308005
   72.500000    10.896819     0.452487
   73.500000    14.575772     0.620081
   74.500000    18.471502     0.652109
   75.500000    19.086820     0.580934
