           z    400-600ns    600-800ns   800-1000ns
    0.500000    -8.766345    -8.766345    -8.766345
    1.500000    -8.605435    -8.670179    -8.653714
    2.500000    -8.356726    -8.443051    -8.386013
    3.500000    -7.946650    -8.111546    -8.026635
    4.500000    -7.526600    -7.638517    -7.616870
    5.500000    -7.086281    -7.250184    -7.214581
    6.500000    -6.726597    -6.916369    -6.872015
    7.500000    -6.471891    -6.670736    -6.614217
    8.500000    -6.269970    -6.544288    -6.482910
    9.500000    -6.117648    -6.462204    -6.363196
   10.500000    -6.074040    -6.363424    -6.268511
   11.500000    -5.906398    -6.198714    -6.054547
   12.500000    -5.611143    -5.787183    -5.700725
   13.500000    -5.044880    -5.131885    -5.060049
   14.500000    -4.034797    -4.309660    -4.213580
   15.500000    -2.868021    -3.223440    -3.072044
   16.500000    -1.376729    -1.911339    -1.788405
   17.500000     0.159247    -0.508283    -0.437791
   18.500000     1.681351     0.556862     0.863386
   19.500000     2.707675     1.564359     2.096515
   20.500000     3.484592     2.144321     2.817855
   21.500000     3.288847     2.286950     2.406008
   22.500000     2.545838     1.788403     1.722439
   23.500000     1.907849     1.235449     1.063409
   24.500000     1.301628     0.631830     0.332768
   25.500000     0.699748     0.203522    -0.142468
   26.500000     0.159247    -0.263939    -0.354465
   27.500000    -0.078788    -0.384953    -0.782014
   28.500000    -0.220341    -0.400020    -0.824554
   29.500000    -0.309592    -0.432586    -0.810454
   30.500000    -0.198220    -0.522633    -0.803374
   31.500000    -0.107742    -0.489900    -0.731461
   32.500000    -0.136367    -0.547228    -0.746008
   33.500000    -0.195441    -0.530426    -0.782014
   34.500000    -0.110619    -0.444690    -0.672415
   35.500000    -0.236805    -0.369794    -0.782014
   36.500000    -0.078788    -0.348976    -0.774854
   37.500000    -0.156213    -0.311064    -0.753251
   38.500000    -0.104862    -0.274009    -0.893895
   39.500000    -0.175903    -0.220320    -0.803374
   40.500000    -0.212068    -0.278313    -0.679872
   41.500000    -0.022843    -0.326579    -0.852519
   42.500000    -0.084606    -0.367029    -0.716828
   43.500000     0.007109    -0.432586    -0.731461
   44.500000     0.037420    -0.360101    -0.694720
   45.500000    -0.096200    -0.199704    -0.709480
   46.500000    -0.090410    -0.196745    -0.724155
   47.500000    -0.084606    -0.229105    -0.760473
   48.500000    -0.028791    -0.169955    -0.738745
   49.500000    -0.040644    -0.252381    -0.679872
   50.500000    -0.099091    -0.199704    -0.753251
   51.500000    -0.072958    -0.070775    -0.731461
   52.500000    -0.124956    -0.259611    -0.767674
   53.500000    -0.075875    -0.160962    -0.810454
   54.500000    -0.067113    -0.165463    -0.687307
   55.500000    -0.113493    -0.240770    -0.852519
   56.500000    -0.175903    -0.318128    -0.789154
   57.500000    -0.223093    -0.221787    -0.838575
   58.500000    -0.130668    -0.218853    -0.880178
   59.500000    -0.225841    -0.232026    -0.893895
   60.500000    -0.225841    -0.252381    -0.873292
   61.500000    -0.290922    -0.232026    -0.796274
   62.500000    -0.236805    -0.362874    -0.845557
   63.500000    -0.269414    -0.169955    -0.767674
   64.500000    -0.144891    -0.050462    -0.724155
   65.500000     0.019190     0.160511    -0.619591
   66.500000     0.479619     0.859842    -0.285762
   67.500000     0.971695     1.630729     0.202654
   68.500000     1.863407     2.770781     1.138875
   69.500000     3.311103     4.149594     2.431467
   70.500000     4.954099     6.335440     4.323281
   71.500000     7.701670     8.877666     6.786335
   72.500000    10.407587    11.646597     9.282525
   73.500000    13.176518    13.836910    12.978265
   74.500000    15.945448    20.301581    15.747196
   75.500000    18.714378    20.301581    15.747196
