           z    400-600ns    600-800ns   800-1000ns
    0.500000    -8.766345    -8.766345    -8.766345
    1.500000    -8.647991    -8.636806    -8.625740
    2.500000    -8.403600    -8.404004    -8.367716
    3.500000    -8.036553    -8.054670    -8.004700
    4.500000    -7.608835    -7.622968    -7.536699
    5.500000    -7.157407    -7.181847    -7.151386
    6.500000    -6.760868    -6.847409    -6.787154
    7.500000    -6.496710    -6.572970    -6.461553
    8.500000    -6.280562    -6.413738    -6.314883
    9.500000    -6.176686    -6.336169    -6.185217
   10.500000    -6.010310    -6.260489    -6.107532
   11.500000    -5.969744    -6.091638    -5.916182
   12.500000    -5.730764    -5.765997    -5.626373
   13.500000    -5.157690    -5.180980    -5.006521
   14.500000    -4.297053    -4.281133    -4.066711
   15.500000    -3.176185    -3.067364    -2.881243
   16.500000    -1.955829    -1.713993    -1.556752
   17.500000    -0.303757    -0.256055     0.062319
   18.500000     0.900672     1.041037     1.567194
   19.500000     1.978283     2.480379     2.926280
   20.500000     2.751362     3.646827     3.637668
   21.500000     2.989576     4.336248     3.422382
   22.500000     2.837499     3.799047     2.717288
   23.500000     2.058249     3.384048     2.217605
   24.500000     1.498889     2.750022     1.281813
   25.500000     0.919994     2.194955     0.739405
   26.500000     0.612025     1.766473     0.392328
   27.500000     0.428175     1.646771     0.073223
   28.500000     0.167328     1.227229    -0.009697
   29.500000     0.230462     1.220169    -0.089976
   30.500000     0.194654     1.234309    -0.081181
   31.500000     0.082443     1.071868    -0.042713
   32.500000     0.255172     1.178220    -0.107474
   33.500000     0.248559     1.134685    -0.076772
   34.500000     0.268451     1.222520    -0.041221
   35.500000     0.238672     1.203772    -0.026259
   36.500000     0.307020     1.175910     0.000899
   37.500000     0.307020     1.282022     0.022226
   38.500000     0.146630     1.338033    -0.036742
   39.500000     0.387721     1.253286     0.028353
   40.500000     0.310402     1.315967    -0.006674
   41.500000     0.230462     1.446210    -0.036742
   42.500000     0.230462     1.213129     0.020697
   43.500000     0.278456     1.428280    -0.042713
   44.500000     0.197888     1.262828    -0.127735
   45.500000     0.228824     1.397837    -0.140675
   46.500000     0.176939     1.318409    -0.130617
   47.500000     0.276785     1.382753    -0.216949
   48.500000     0.238672     1.564622    -0.097281
   49.500000     0.312095     1.456513    -0.204396
   50.500000     0.308711     1.487678    -0.229440
   51.500000     0.354785     1.397837    -0.209983
   52.500000     0.305331     1.535159    -0.348419
   53.500000     0.491008     1.441074    -0.303113
   54.500000     0.291857     1.597161    -0.255609
   55.500000     0.341046     1.485066    -0.285573
   56.500000     0.375537     1.487678    -0.193185
   57.500000     0.391213     1.342963    -0.261083
   58.500000     0.281799     1.446210    -0.313847
   59.500000     0.344474     1.487678    -0.341807
   60.500000     0.377274     1.362779    -0.223896
   61.500000     0.509252     1.262828    -0.297729
   62.500000     0.458498     1.387771    -0.392924
   63.500000     0.529474     1.227229    -0.336505
   64.500000     0.662107     1.537823    -0.169195
   65.500000     1.066402     1.657929    -0.130617
   66.500000     1.075554     2.024412     0.329337
   67.500000     1.652619     2.644463     0.922825
   68.500000     2.638067     3.671567     1.748658
   69.500000     3.865200     5.073485     3.202343
   70.500000     5.588049     6.688497     4.789722
   71.500000     7.425948     9.541100     6.832314
   72.500000    10.110857    13.728468    10.247722
   73.500000    14.428230    17.784878    13.016653
   74.500000    17.702929    20.553809    20.437785
   75.500000    20.471859    20.553809    20.437785
