           z    400-600ns    600-800ns   800-1000ns
    0.500000    -8.766345    -8.766345    -8.766345
    1.500000    -8.666684    -8.632104    -8.646652
    2.500000    -8.440445    -8.375911    -8.368555
    3.500000    -8.041639    -8.039239    -8.054518
    4.500000    -7.621129    -7.635310    -7.659683
    5.500000    -7.185719    -7.195741    -7.213601
    6.500000    -6.870661    -6.847704    -6.847919
    7.500000    -6.601786    -6.568125    -6.556800
    8.500000    -6.430248    -6.410895    -6.397575
    9.500000    -6.271851    -6.295926    -6.334084
   10.500000    -6.167547    -6.258339    -6.227357
   11.500000    -5.988929    -6.144352    -6.136816
   12.500000    -5.626906    -5.802063    -5.856492
   13.500000    -5.062022    -5.191163    -5.297612
   14.500000    -4.215631    -4.387391    -4.533048
   15.500000    -3.039112    -3.245663    -3.433289
   16.500000    -1.721696    -1.873499    -2.157775
   17.500000    -0.289944    -0.298212    -0.405371
   18.500000     1.233188     1.091707     1.154667
   19.500000     2.591118     2.183678     2.507583
   20.500000     3.086617     2.892803     3.195869
   21.500000     2.797823     2.645889     3.452875
   22.500000     2.222522     1.770327     3.195869
   23.500000     1.643026     1.111700     2.548334
   24.500000     0.969570     0.474390     1.922238
   25.500000     0.455598    -0.067083     1.392405
   26.500000    -0.004396    -0.343689     1.025683
   27.500000    -0.238810    -0.634673     0.825067
   28.500000    -0.306761    -0.769060     0.852168
   29.500000    -0.457216    -0.757135     0.747479
   30.500000    -0.461160    -0.712515     0.749491
   31.500000    -0.457216    -0.708862     0.779857
   32.500000    -0.405370    -0.729491     0.765640
   33.500000    -0.550215    -0.691745     1.036935
   34.500000    -0.484697    -0.766680     0.896572
   35.500000    -0.632552    -0.724652     0.996661
   36.500000    -0.621481    -0.834818     0.896572
   37.500000    -0.683581    -0.772627     0.959207
   38.500000    -0.820516    -0.845229     1.016718
   39.500000    -0.617780    -0.776189     1.010014
   40.500000    -0.519595    -0.776189     0.802361
   41.500000    -0.679970    -0.668328     0.907261
   42.500000    -0.546408    -0.670804     0.835456
   43.500000    -0.610362    -0.795099     0.915845
   44.500000    -0.715848    -0.855596     0.957021
   45.500000    -0.492494    -0.982258     0.972363
   46.500000    -0.546408    -0.830178     0.794154
   47.500000    -0.445346    -0.798629     0.847980
   48.500000    -0.417430    -0.706424     0.798254
   49.500000    -0.364751    -0.734321     0.757553
   50.500000    -0.377006    -0.645941     0.759572
   51.500000    -0.356548    -0.684374     0.705605
   52.500000    -0.425437    -0.644692     0.654706
   53.500000    -0.372927    -0.596743     0.546591
   54.500000    -0.385142    -0.620832     0.648898
   55.500000    -0.433420    -0.664611     0.658585
   56.500000    -0.457216    -0.568561     0.699679
   57.500000    -0.445346    -0.615779     0.652768
   58.500000    -0.393253    -0.649686     0.650833
   59.500000    -0.315127    -0.517813     0.574596
   60.500000    -0.429432    -0.512550     0.623887
   61.500000    -0.310947    -0.467363     0.629637
   62.500000    -0.289944    -0.688062     0.570844
   63.500000    -0.182219    -0.471383     0.777821
   64.500000    -0.199767    -0.433614     0.810594
   65.500000     0.156535    -0.136840     0.970165
   66.500000     0.393985     0.125569     1.382038
   67.500000     1.040074     0.685646     2.094639
   68.500000     2.199765     1.819684     2.762600
   69.500000     3.218864     3.223910     4.432518
   70.500000     4.957393     5.275759     6.227694
   71.500000     7.292304     7.668357     8.304937
   72.500000     9.666619    11.319388    11.661607
   73.500000    13.512875    17.511318    14.936306
   74.500000    17.569285    20.280248    17.705236
   75.500000    17.569285    20.280248    17.705236
