           z         mean           se
    0.500000     6.270851     0.115622
    1.500000     6.303168     0.097162
    2.500000     6.339704     0.086104
    3.500000     6.364831     0.062059
    4.500000     6.218496     0.041696
    5.500000     5.746000     0.037403
    6.500000     4.800048     0.049009
    7.500000     3.607916     0.051909
    8.500000     2.393154     0.037210
    9.500000     1.331060     0.029524
   10.500000     0.546805     0.019441
   11.500000     0.099312     0.012757
   12.500000     0.000000     0.000000
   13.500000     0.274112     0.014587
   14.500000     0.898140     0.029828
   15.500000     1.855110     0.041235
   16.500000     3.117381     0.046284
   17.500000     4.602335     0.050184
   18.500000     6.213802     0.062405
   19.500000     7.721946     0.091928
   20.500000     8.778693     0.099917
   21.500000     9.048686     0.109277
   22.500000     8.633624     0.120353
   23.500000     7.940141     0.133363
   24.500000     7.249352     0.142005
   25.500000     6.684027     0.139650
   26.500000     6.271529     0.141359
   27.500000     5.966880     0.145020
   28.500000     5.819281     0.153583
   29.500000     5.731680     0.154423
   30.500000     5.722017     0.151046
   31.500000     5.715760     0.148581
   32.500000     5.731379     0.153939
   33.500000     5.742345     0.152905
   34.500000     5.775579     0.145296
   35.500000     5.755510     0.152575
   36.500000     5.770655     0.145152
   37.500000     5.749171     0.146346
   38.500000     5.772019     0.143522
   39.500000     5.766175     0.141141
   40.500000     5.763221     0.144523
   41.500000     5.766132     0.146928
   42.500000     5.769118     0.141272
   43.500000     5.760454     0.150795
   44.500000     5.796083     0.148060
   45.500000     5.828909     0.145807
   46.500000     5.795189     0.150387
   47.500000     5.818340     0.156708
   48.500000     5.790015     0.154268
   49.500000     5.787277     0.151149
   50.500000     5.766648     0.150259
   51.500000     5.748149     0.146983
   52.500000     5.730296     0.146916
   53.500000     5.733393     0.145055
   54.500000     5.728382     0.153064
   55.500000     5.706727     0.152077
   56.500000     5.710824     0.147760
   57.500000     5.751544     0.158797
   58.500000     5.841664     0.165677
   59.500000     5.995185     0.188216
   60.500000     6.283651     0.200720
   61.500000     6.656703     0.208717
   62.500000     7.128469     0.234178
   63.500000     7.725326     0.263459
   64.500000     8.464984     0.286027
   65.500000     9.527940     0.349591
   66.500000    11.007369     0.431690
   67.500000    12.955180     0.519335
   68.500000    15.219933     0.694019
   69.500000    18.117380     0.987647
   70.500000    21.939016     1.194952
   71.500000    25.026093     1.191157
   72.500000    27.165523     0.783162
   73.500000    27.883820     0.458650
