           z    400-600ns    600-800ns   800-1000ns
    0.500000     0.242460    -0.112937     0.943413
    1.500000     0.415867    -0.021160     0.837251
    2.500000     0.516907     0.102505     0.807080
    3.500000     0.610252     0.235826     0.638871
    4.500000     0.493392     0.220804     0.464117
    5.500000     0.049701    -0.217957    -0.091542
    6.500000    -0.917007    -1.065763    -1.044382
    7.500000    -2.042627    -2.225537    -2.210587
    8.500000    -3.276378    -3.412302    -3.397682
    9.500000    -4.374624    -4.436567    -4.408347
   10.500000    -5.220241    -5.177913    -5.255427
   11.500000    -5.672137    -5.636688    -5.696792
   12.500000    -5.787474    -5.787474    -5.787474
   13.500000    -5.554039    -5.498082    -5.530677
   14.500000    -4.942096    -4.854299    -4.894466
   15.500000    -3.981963    -3.898373    -3.932841
   16.500000    -2.701722    -2.631599    -2.701593
   17.500000    -1.240631    -1.173266    -1.197190
   18.500000     0.385106     0.485594     0.436134
   19.500000     1.906414     1.764889     2.010260
   20.500000     3.143865     2.786519     2.875521
   21.500000     3.475346     2.958027     2.994108
   22.500000     2.937368     2.261329     2.671097
   23.500000     2.266414     1.514586     2.046779
   24.500000     1.571805     0.791284     1.400324
   25.500000     0.881379     0.263490     1.033652
   26.500000     0.568987    -0.082522     0.670632
   27.500000     0.218179    -0.331360     0.367821
   28.500000     0.050891    -0.433358     0.193828
   29.500000    -0.085207    -0.511988     0.100918
   30.500000    -0.050008    -0.463815     0.110568
   31.500000    -0.132679    -0.521222     0.135718
   32.500000    -0.087461    -0.432856     0.179759
   33.500000    -0.094773    -0.428330     0.223393
   34.500000    -0.090839    -0.376975     0.306224
   35.500000    -0.147573    -0.422787     0.298246
   36.500000    -0.152518    -0.412172     0.308684
   37.500000    -0.163473    -0.409638     0.300085
   38.500000    -0.211115    -0.353752     0.275677
   39.500000    -0.214867    -0.375947     0.240102
   40.500000    -0.184156    -0.397439     0.209158
   41.500000    -0.235134    -0.406594     0.264770
   42.500000    -0.268381    -0.394380     0.235316
   43.500000    -0.315643    -0.452873     0.350872
   44.500000    -0.275187    -0.360483     0.297634
   45.500000    -0.279367    -0.258662     0.396963
   46.500000    -0.210042    -0.356861     0.347746
   47.500000    -0.243090    -0.367711     0.386788
   48.500000    -0.302230    -0.190450     0.352124
   49.500000    -0.229817    -0.209187     0.407818
   50.500000    -0.243620    -0.149182     0.310530
   51.500000    -0.259453    -0.144680     0.349621
   52.500000    -0.305332    -0.111225     0.284193
   53.500000    -0.348359    -0.151992     0.219233
   54.500000    -0.313584    -0.191557     0.220420
   55.500000    -0.352926    -0.259200     0.155325
   56.500000    -0.301713    -0.253272     0.183854
   57.500000    -0.308945    -0.150306     0.154746
   58.500000    -0.268905    -0.068047     0.350247
   59.500000    -0.115469     0.002614     0.640274
   60.500000     0.100772     0.250938     0.930781
   61.500000     0.463777     0.588949     1.340323
   62.500000     0.824932     1.011292     1.944652
   63.500000     1.389263     1.611067     2.658562
   64.500000     2.024698     2.387337     3.513803
   65.500000     2.931763     3.327170     4.788877
   66.500000     4.359300     4.496842     6.526795
   67.500000     5.807432     6.587763     8.956909
   68.500000     7.454234     8.651038    11.706889
   69.500000     8.980997    10.786558    15.879199
   70.500000    11.770586    15.115708    20.251069
   71.500000    16.381638    20.020159    23.019999
   72.500000    20.077378    22.789089    23.019999
   73.500000    22.846308    22.789089    23.019999
