           z    400-600ns    600-800ns   800-1000ns
    0.500000     0.433360     0.981256     0.363071
    1.500000     0.519364     0.991774     0.472543
    2.500000     0.487488     0.994410     0.411355
    3.500000     0.514994     0.903739     0.511468
    4.500000     0.361126     0.474295     0.434209
    5.500000    -0.020636    -0.055934     0.066247
    6.500000    -0.814635    -1.125233    -0.847886
    7.500000    -1.944035    -2.381117    -2.073480
    8.500000    -3.262163    -3.542317    -3.307974
    9.500000    -4.390912    -4.563302    -4.362655
   10.500000    -5.195079    -5.295958    -5.184619
   11.500000    -5.669898    -5.745621    -5.667540
   12.500000    -5.787474    -5.787474    -5.787474
   13.500000    -5.574270    -5.481395    -5.519216
   14.500000    -5.006479    -4.861857    -4.962695
   15.500000    -4.119063    -3.893026    -4.070382
   16.500000    -2.794661    -2.622812    -2.915972
   17.500000    -1.176450    -1.184817    -1.493580
   18.500000     0.488928     0.318281     0.068515
   19.500000     2.242420     1.809433     1.456303
   20.500000     3.339853     2.790688     2.518651
   21.500000     3.265072     3.154671     2.903549
   22.500000     2.843030     2.659662     2.674872
   23.500000     2.002857     1.913611     2.173024
   24.500000     1.279429     1.317620     1.606304
   25.500000     0.699145     0.726883     1.140438
   26.500000     0.195513     0.288204     0.749625
   27.500000    -0.133413    -0.080161     0.572393
   28.500000    -0.304187    -0.297812     0.446043
   29.500000    -0.395077    -0.340107     0.336430
   30.500000    -0.294703    -0.437614     0.394512
   31.500000    -0.336580    -0.333886     0.340851
   32.500000    -0.353138    -0.393898     0.357974
   33.500000    -0.385930    -0.361761     0.236232
   34.500000    -0.376751    -0.340107     0.235019
   35.500000    -0.395077    -0.393898     0.301341
   36.500000    -0.302082    -0.294651     0.239873
   37.500000    -0.310489    -0.383231     0.301964
   38.500000    -0.315729    -0.349410     0.342115
   39.500000    -0.268173    -0.291486     0.328870
   40.500000    -0.328260    -0.349410     0.298853
   41.500000    -0.222963    -0.347862     0.333907
   42.500000    -0.274566    -0.275599     0.323842
   43.500000    -0.240281    -0.357137     0.279039
   44.500000    -0.192366    -0.310418     0.253878
   45.500000    -0.162506    -0.318265     0.276574
   46.500000    -0.165841    -0.344763     0.208492
   47.500000    -0.195662    -0.293069     0.263055
   48.500000    -0.262833    -0.285143     0.226549
   49.500000    -0.268173    -0.332328     0.250827
   50.500000    -0.275630    -0.326088     0.206693
   51.500000    -0.262833    -0.347862     0.178682
   52.500000    -0.329302    -0.387808     0.122417
   53.500000    -0.246745    -0.389332     0.127639
   54.500000    -0.318867    -0.311990     0.131708
   55.500000    -0.367537    -0.335443     0.075333
   56.500000    -0.342802    -0.297812    -0.016826
   57.500000    -0.325133    -0.307273     0.065114
   58.500000    -0.334503    -0.163165     0.102212
   59.500000    -0.257482    -0.017388     0.194139
   60.500000    -0.075353     0.256513     0.575166
   61.500000     0.269685     0.693890     0.985573
   62.500000     0.814492     1.206171     1.345615
   63.500000     1.211359     1.762490     2.071785
   64.500000     1.892364     2.584195     2.817667
   65.500000     2.951652     3.739712     4.229172
   66.500000     4.484139     5.522239     5.482393
   67.500000     6.622004     7.528613     7.614675
   68.500000     8.547589    10.030232    10.272801
   69.500000    11.954971    13.211573    13.175293
   70.500000    16.999479    17.267982    17.446334
   71.500000    21.055889    20.036913    20.215264
   72.500000    21.055889    20.036913    22.984195
   73.500000    21.055889    20.036913    22.984195
