           z    400-600ns    600-800ns   800-1000ns
    0.500000     0.533857     0.669861     0.296058
    1.500000     0.480345     0.622046     0.323218
    2.500000     0.512782     0.716580     0.420965
    3.500000     0.517450     0.757325     0.506291
    4.500000     0.376614     0.681792     0.372855
    5.500000    -0.153406     0.137186    -0.086924
    6.500000    -1.147031    -0.784183    -1.140710
    7.500000    -2.300833    -2.065564    -2.372239
    8.500000    -3.509823    -3.310696    -3.529546
    9.500000    -4.528468    -4.434202    -4.608650
   10.500000    -5.295947    -5.201366    -5.339470
   11.500000    -5.687551    -5.664806    -5.752423
   12.500000    -5.787474    -5.787474    -5.787474
   13.500000    -5.534448    -5.503181    -5.424948
   14.500000    -4.951822    -4.817161    -4.713126
   15.500000    -3.973503    -3.799632    -3.722489
   16.500000    -2.698011    -2.506646    -2.457819
   17.500000    -1.179808    -1.114063    -0.906442
   18.500000     0.498829     0.377378     0.778192
   19.500000     1.908796     1.895721     2.416019
   20.500000     2.840720     3.198663     3.426490
   21.500000     3.095959     3.784855     3.719325
   22.500000     2.788412     3.430869     3.348713
   23.500000     1.949701     2.808469     2.698563
   24.500000     1.050535     2.108823     2.030783
   25.500000     0.424941     1.557087     1.341964
   26.500000    -0.067210     1.095295     0.937973
   27.500000    -0.397772     0.805709     0.593255
   28.500000    -0.590098     0.663917     0.557043
   29.500000    -0.696225     0.580859     0.508249
   30.500000    -0.767380     0.514090     0.405244
   31.500000    -0.734424     0.535314     0.401486
   32.500000    -0.768315     0.585331     0.407753
   33.500000    -0.695262     0.682457     0.417813
   34.500000    -0.563360     0.695115     0.404617
   35.500000    -0.616058     0.649445     0.438690
   36.500000    -0.621516     0.648134     0.434881
   37.500000    -0.658415     0.598795     0.379672
   38.500000    -0.574493     0.628543     0.419074
   39.500000    -0.593608     0.706495     0.276921
   40.500000    -0.558791     0.697788     0.393986
   41.500000    -0.633876     0.642894     0.412778
   42.500000    -0.556758     0.671846     0.373474
   43.500000    -0.586583     0.654041     0.425385
   44.500000    -0.541457     0.785552     0.420335
   45.500000    -0.507982     0.734834     0.491327
   46.500000    -0.601114     0.789709     0.402112
   47.500000    -0.577017     0.819004     0.485496
   48.500000    -0.676906     0.833075     0.328685
   49.500000    -0.681750     0.764181     0.296659
   50.500000    -0.748601     0.771055     0.267407
   51.500000    -0.769718     0.713214     0.189104
   52.500000    -0.735372     0.732121     0.215711
   53.500000    -0.700551     0.752537     0.250843
   54.500000    -0.782303     0.809900     0.224448
   55.500000    -0.719691     0.818303     0.259112
   56.500000    -0.730630     0.783476     0.285874
   57.500000    -0.736793     0.879354     0.405871
   58.500000    -0.643229     0.975290     0.537808
   59.500000    -0.565895     1.232849     0.755760
   60.500000    -0.267167     1.540219     1.153723
   61.500000     0.016288     1.891423     1.573154
   62.500000     0.319818     2.418516     2.183468
   63.500000     0.783302     3.019430     2.933415
   64.500000     1.369076     3.805420     3.703034
   65.500000     1.908796     4.882439     4.904617
   66.500000     2.878191     6.184029     7.045125
   67.500000     4.177620     8.208069     9.006271
   68.500000     5.643151    10.330462    12.255734
   69.500000     7.453428    12.922450    16.604691
   70.500000     9.477532    16.734761    20.300431
   71.500000    11.686780    17.661570    23.069361
   72.500000    16.170189    23.199431    23.069361
   73.500000    19.865929    23.199431    23.069361
