           z         mean           se
    0.500000    24.917766     0.199071
    1.500000    24.917766     0.199071
    2.500000    24.917766     0.199071
    3.500000    24.917766     0.199071
    4.500000    24.917766     0.199071
    5.500000    24.917766     0.199071
    6.500000    24.917766     0.199071
    7.500000    24.917766     0.199071
    8.500000    24.917766     0.199071
    9.500000    24.917766     0.199071
   10.500000    24.610107     0.347387
   11.500000    24.124344     0.796279
   12.500000    23.938593     0.698342
   13.500000    22.622487     1.051806
   14.500000    19.578866     0.921121
   15.500000    16.419401     0.606654
   16.500000    14.378522     0.567924
   17.500000    12.363849     0.408125
   18.500000    10.588136     0.324289
   19.500000     8.963007     0.198817
   20.500000     7.032922     0.087192
   21.500000     5.217337     0.052129
   22.500000     3.546631     0.054152
   23.500000     2.113152     0.041943
   24.500000     0.997512     0.036357
   25.500000     0.181580     0.025579
   26.500000    -0.305911     0.019913
   27.500000    -0.596909     0.013435
   28.500000    -0.692777     0.000000
   29.500000    -0.691195     0.010967
   30.500000    -0.603629     0.016907
   31.500000    -0.493870     0.019951
   32.500000    -0.412275     0.015895
   33.500000    -0.327152     0.013882
   34.500000    -0.248201     0.013854
   35.500000    -0.201111     0.010865
   36.500000    -0.151428     0.010458
   37.500000    -0.104506     0.012452
   38.500000    -0.100046     0.013340
   39.500000    -0.064244     0.012810
   40.500000    -0.037504     0.009092
   41.500000    -0.016444     0.014105
   42.500000    -0.006742     0.017936
   43.500000    -0.012071     0.019342
   44.500000    -0.005280     0.020136
   45.500000     0.006868     0.022730
   46.500000     0.006520     0.025640
   47.500000     0.010884     0.021070
   48.500000     0.029255     0.027019
   49.500000     0.024514     0.027665
   50.500000     0.017888     0.028577
   51.500000     0.003795     0.029915
   52.500000     0.022692     0.035164
   53.500000     0.031642     0.037041
   54.500000     0.028081     0.034645
   55.500000     0.026598     0.036851
   56.500000     0.033208     0.035442
   57.500000     0.015970     0.034000
   58.500000     0.030446     0.036047
   59.500000     0.035414     0.038859
   60.500000     0.033352     0.034092
   61.500000     0.034355     0.038099
   62.500000     0.061961     0.037965
   63.500000     0.071621     0.039355
   64.500000     0.153143     0.046601
   65.500000     0.272050     0.050532
   66.500000     0.578633     0.061643
   67.500000     1.038832     0.083261
   68.500000     1.732867     0.099572
   69.500000     2.687622     0.121033
   70.500000     4.009092     0.152968
   71.500000     5.660395     0.185636
   72.500000     7.840537     0.283342
   73.500000    10.587448     0.434871
   74.500000    13.974216     0.537680
   75.500000    18.291750     0.870348
   76.500000    22.386799     1.039446
   77.500000    24.467054     0.475684
