           z    400-600ns    600-800ns   800-1000ns
    0.500000    25.128208    25.025832    25.124263
    1.500000    25.128208    25.025832    25.124263
    2.500000    25.128208    25.025832    25.124263
    3.500000    25.128208    25.025832    25.124263
    4.500000    25.128208    25.025832    25.124263
    5.500000    25.128208    25.025832    25.124263
    6.500000    25.128208    25.025832    25.124263
    7.500000    25.128208    25.025832    25.124263
    8.500000    25.128208    25.025832    25.124263
    9.500000    25.128208    25.025832    25.124263
   10.500000    25.128208    25.025832    25.124263
   11.500000    25.128208    25.025832    25.124263
   12.500000    22.359277    25.025832    25.124263
   13.500000    18.663537    22.256901    25.124263
   14.500000    16.027290    18.982203    19.586403
   15.500000    13.496308    15.116101    16.163403
   16.500000    12.228872    12.037532    14.526802
   17.500000    11.008689    11.397655    11.659502
   18.500000     9.827587     9.943984     9.643939
   19.500000     8.606158     8.659045     8.097097
   20.500000     7.047041     7.200577     6.670353
   21.500000     5.120236     5.463214     5.000311
   22.500000     3.353085     3.868240     3.519814
   23.500000     2.129931     2.341734     2.035925
   24.500000     0.963350     1.134890     0.997713
   25.500000     0.212448     0.228255     0.225752
   26.500000    -0.207271    -0.244296    -0.287801
   27.500000    -0.521171    -0.559651    -0.584812
   28.500000    -0.692777    -0.692777    -0.692777
   29.500000    -0.678584    -0.669911    -0.675492
   30.500000    -0.557915    -0.563974    -0.605515
   31.500000    -0.402996    -0.464239    -0.533922
   32.500000    -0.395347    -0.415144    -0.432336
   33.500000    -0.310058    -0.312903    -0.320251
   34.500000    -0.221134    -0.265163    -0.242301
   35.500000    -0.197259    -0.201582    -0.169162
   36.500000    -0.131645    -0.210860    -0.114912
   37.500000    -0.080545    -0.143326    -0.088826
   38.500000    -0.053679    -0.121888    -0.153876
   39.500000    -0.038628    -0.097197    -0.134022
   40.500000    -0.000014    -0.049967    -0.032100
   41.500000     0.058194    -0.059580    -0.051151
   42.500000     0.011331    -0.115327    -0.015018
   43.500000    -0.034444    -0.120250    -0.063849
   44.500000    -0.030254    -0.135424    -0.001127
   45.500000    -0.046975    -0.136122     0.016404
   46.500000     0.013938    -0.136820    -0.055545
   47.500000     0.056023    -0.109455    -0.010788
   48.500000     0.077089    -0.103569    -0.044894
   49.500000     0.060367    -0.131231    -0.018069
   50.500000     0.033458    -0.123760    -0.046981
   51.500000     0.046396    -0.124695    -0.039319
   52.500000    -0.042109    -0.119547     0.019497
   53.500000    -0.000250    -0.155362     0.045096
   54.500000    -0.023254    -0.124695     0.045096
   55.500000     0.009673    -0.147730     0.081182
   56.500000     0.056506    -0.168950     0.106679
   57.500000     0.007070    -0.159746     0.121507
   58.500000     0.048800    -0.197497     0.077525
   59.500000    -0.008020    -0.194544     0.095860
   60.500000    -0.018810    -0.138681     0.133930
   61.500000    -0.026056    -0.129832     0.124731
   62.500000     0.024394    -0.137983     0.148419
   63.500000     0.017973    -0.108279     0.168036
   64.500000     0.077819    -0.002326     0.280066
   65.500000     0.258536     0.144689     0.279010
   66.500000     0.604755     0.382944     0.583185
   67.500000     1.089493     0.750750     1.144738
   68.500000     1.906263     1.511526     1.758773
   69.500000     2.989087     2.394526     2.826561
   70.500000     4.454070     3.853468     4.072576
   71.500000     6.235126     5.385040     5.781241
   72.500000     9.165879     7.705395     8.242022
   73.500000    12.516316    11.244193    10.895541
   74.500000    15.894607    14.077752    15.214533
   75.500000    22.359277    18.561161    17.983463
   76.500000    25.128208    25.025832    22.355333
   77.500000    25.128208    25.025832    25.124263
