           z    400-600ns    600-800ns   800-1000ns
    0.500000    25.189444    25.177526    23.330996
    1.500000    25.189444    25.177526    23.330996
    2.500000    25.189444    25.177526    23.330996
    3.500000    25.189444    25.177526    23.330996
    4.500000    25.189444    25.177526    23.330996
    5.500000    25.189444    25.177526    23.330996
    6.500000    25.189444    25.177526    23.330996
    7.500000    25.189444    25.177526    23.330996
    8.500000    25.189444    25.177526    23.330996
    9.500000    25.189444    25.177526    23.330996
   10.500000    25.189444    25.177526    23.330996
   11.500000    25.189444    25.177526    23.330996
   12.500000    25.189444    25.177526    23.330996
   13.500000    25.189444    22.408596    23.330996
   14.500000    22.420514    20.273075    23.330996
   15.500000    17.516063    16.690630    19.274586
   16.500000    14.307694    15.368625    16.505656
   17.500000    11.773388    13.699985    13.627126
   18.500000     9.491173    11.594969    10.858195
   19.500000     8.332188     9.449603     9.102273
   20.500000     6.722243     7.322519     6.949004
   21.500000     5.100077     5.336837     5.158790
   22.500000     3.636098     3.492297     3.465447
   23.500000     2.091060     1.976265     1.937489
   24.500000     1.062543     0.830694     0.926133
   25.500000     0.212097     0.048597     0.089532
   26.500000    -0.323403    -0.382454    -0.378243
   27.500000    -0.606877    -0.657750    -0.621603
   28.500000    -0.692777    -0.692777    -0.692777
   29.500000    -0.686475    -0.692074    -0.748804
   30.500000    -0.583795    -0.628185    -0.615957
   31.500000    -0.487400    -0.550766    -0.466937
   32.500000    -0.371727    -0.454727    -0.367038
   33.500000    -0.306136    -0.362905    -0.300874
   34.500000    -0.275992    -0.297998    -0.244743
   35.500000    -0.201673    -0.269067    -0.191351
   36.500000    -0.144948    -0.184743    -0.154966
   37.500000    -0.163783    -0.092824    -0.078250
   38.500000    -0.119395    -0.147505    -0.064218
   39.500000    -0.091139    -0.027570    -0.011131
   40.500000    -0.005797    -0.053965    -0.053878
   41.500000    -0.030022     0.035898    -0.004896
   42.500000     0.023770     0.086843     0.002318
   43.500000     0.040788     0.075618    -0.021647
   44.500000     0.038216     0.077286    -0.037340
   45.500000     0.052277     0.059939    -0.014960
   46.500000     0.078022     0.078479    -0.017350
   47.500000     0.087297     0.040124     0.008586
   48.500000     0.103553     0.128840    -0.024508
   49.500000     0.100437     0.150350     0.000874
   50.500000     0.110036     0.135420    -0.053878
   51.500000     0.059572     0.153051    -0.055761
   52.500000     0.129587     0.194927    -0.059993
   53.500000     0.134924     0.202433    -0.042550
   54.500000     0.144168     0.169817    -0.064218
   55.500000     0.185696     0.148632    -0.061402
   56.500000     0.144412     0.150841    -0.073114
   57.500000     0.098282     0.105342    -0.047276
   58.500000     0.139298     0.131032    -0.045386
   59.500000     0.181735     0.132250     0.005691
   60.500000     0.140271     0.158956     0.014386
   61.500000     0.160795     0.203185     0.007138
   62.500000     0.172352     0.233193     0.022141
   63.500000     0.195129     0.247439     0.098522
   64.500000     0.364856     0.329372     0.158775
   65.500000     0.584291     0.444495     0.255936
   66.500000     0.896889     0.848117     0.580003
   67.500000     1.517752     1.306311     0.888890
   68.500000     2.266400     2.094491     1.479438
   69.500000     3.208846     3.146461     2.417330
   70.500000     4.691119     4.539544     3.604308
   71.500000     6.265761     6.470256     5.226759
   72.500000     8.276315     8.810740     7.129669
   73.500000    10.535573    12.248185     9.570716
   74.500000    13.992234    16.216666    12.733534
   75.500000    18.724774    22.408596    15.428330
   76.500000    25.189444    25.177526    17.287367
   77.500000    25.189444    25.177526    23.330996
