           z    400-600ns    600-800ns   800-1000ns
    0.500000    25.064161    25.094663    25.124802
    1.500000    25.064161    25.094663    25.124802
    2.500000    25.064161    25.094663    25.124802
    3.500000    25.064161    25.094663    25.124802
    4.500000    25.064161    25.094663    25.124802
    5.500000    25.064161    25.094663    25.124802
    6.500000    25.064161    25.094663    25.124802
    7.500000    25.064161    25.094663    25.124802
    8.500000    25.064161    25.094663    25.124802
    9.500000    25.064161    25.094663    25.124802
   10.500000    25.064161    22.325733    25.124802
   11.500000    25.064161    17.953863    25.124802
   12.500000    25.064161    19.051034    25.124802
   13.500000    25.064161    16.439680    25.124802
   14.500000    16.951341    16.282104    22.355871
   15.500000    14.392565    17.421282    17.703670
   16.500000    12.776766    15.184933    16.469818
   17.500000    10.944641    13.670749    13.492902
   18.500000    10.278378    11.489193    12.165809
   19.500000     8.979501     9.913232     9.527968
   20.500000     6.921937     7.464920     6.997704
   21.500000     5.096066     5.306403     5.374101
   22.500000     3.353180     3.565788     3.665733
   23.500000     2.101270     2.170488     2.234209
   24.500000     0.870779     1.059585     1.131920
   25.500000     0.113747     0.266885     0.236904
   26.500000    -0.348957    -0.312339    -0.268439
   27.500000    -0.631394    -0.586919    -0.602003
   28.500000    -0.692777    -0.692777    -0.692777
   29.500000    -0.739928    -0.646236    -0.683251
   30.500000    -0.685784    -0.529080    -0.662457
   31.500000    -0.590965    -0.430906    -0.516702
   32.500000    -0.511863    -0.372629    -0.389665
   33.500000    -0.411980    -0.270184    -0.349079
   34.500000    -0.292300    -0.162950    -0.231228
   35.500000    -0.230590    -0.159138    -0.190176
   36.500000    -0.148245    -0.114090    -0.158444
   37.500000    -0.131310    -0.044383    -0.117306
   38.500000    -0.082623    -0.045792    -0.111439
   39.500000    -0.072302    -0.052354    -0.053851
   40.500000    -0.077233    -0.007960    -0.056623
   41.500000    -0.067596    -0.012720    -0.016123
   42.500000    -0.041320    -0.008913    -0.004364
   43.500000    -0.013564     0.020551     0.008162
   44.500000    -0.006094     0.033837     0.013379
   45.500000    -0.009952     0.070189     0.071010
   46.500000    -0.048686     0.078064     0.068582
   47.500000    -0.054848     0.007333     0.073683
   48.500000     0.002850     0.007333     0.116598
   49.500000    -0.024847     0.005417     0.077333
   50.500000     0.024740    -0.012482     0.094436
   51.500000     0.027918    -0.099888     0.066884
   52.500000     0.035266    -0.067523     0.114126
   53.500000     0.035266    -0.060300     0.125517
   54.500000     0.079064    -0.073334     0.100081
   55.500000    -0.001263    -0.074262     0.098853
   56.500000     0.015718    -0.020555     0.087336
   57.500000     0.036248    -0.110661     0.092966
   58.500000     0.062891    -0.042974     0.100327
   59.500000     0.047562    -0.066825     0.125021
   60.500000    -0.011157    -0.062400     0.083672
   61.500000    -0.020772    -0.089761     0.079769
   62.500000     0.010126    -0.022213     0.107217
   63.500000     0.044851    -0.065196     0.046115
   64.500000     0.108438    -0.004622     0.065914
   65.500000     0.181197     0.119070     0.181230
   66.500000     0.456397     0.418263     0.437141
   67.500000     0.889644     0.939502     0.822410
   68.500000     1.492791     1.654358     1.431764
   69.500000     2.250955     2.587677     2.367155
   70.500000     3.418058     3.859636     3.589050
   71.500000     4.909481     5.527758     5.142134
   72.500000     6.531533     7.441923     7.261358
   73.500000     8.485390    10.210854     9.580260
   74.500000    11.158032    13.270641    13.209945
   75.500000    15.360290    16.787872    17.011982
   76.500000    17.923361    22.325733    21.068392
   77.500000    21.007751    25.094663    25.124802
