           z         mean           se
    0.500000    27.184379     0.210451
    1.500000    27.184379     0.210451
    2.500000    27.184379     0.210451
    3.500000    27.184379     0.210451
    4.500000    26.083298     0.876859
    5.500000    23.643579     1.259939
    6.500000    19.003623     1.214053
    7.500000    14.412345     0.482604
    8.500000    10.602045     0.164308
    9.500000     7.228352     0.137677
   10.500000     4.604510     0.127373
   11.500000     2.609502     0.085816
   12.500000     1.170299     0.052158
   13.500000     0.309627     0.022866
   14.500000     0.000000     0.000000
   15.500000     0.225967     0.019020
   16.500000     0.986485     0.031397
   17.500000     2.112359     0.046695
   18.500000     3.484608     0.072032
   19.500000     4.827330     0.085691
   20.500000     5.740542     0.112298
   21.500000     6.192222     0.149538
   22.500000     6.152940     0.156578
   23.500000     5.907681     0.162899
   24.500000     5.591707     0.148816
   25.500000     5.229016     0.126307
   26.500000     4.770790     0.109932
   27.500000     4.361814     0.117061
   28.500000     3.976386     0.114113
   29.500000     3.675368     0.108934
   30.500000     3.445757     0.112123
   31.500000     3.292999     0.104439
   32.500000     3.151065     0.100755
   33.500000     3.066252     0.102654
   34.500000     2.966997     0.099829
   35.500000     2.901592     0.102009
   36.500000     2.862785     0.103088
   37.500000     2.824086     0.101878
   38.500000     2.791380     0.100264
   39.500000     2.768829     0.100724
   40.500000     2.742033     0.103021
   41.500000     2.707141     0.101322
   42.500000     2.719113     0.107766
   43.500000     2.705697     0.105489
   44.500000     2.697162     0.103328
   45.500000     2.676896     0.101635
   46.500000     2.681028     0.098873
   47.500000     2.679791     0.108480
   48.500000     2.665124     0.102920
   49.500000     2.685277     0.099434
   50.500000     2.685023     0.106427
   51.500000     2.699918     0.098852
   52.500000     2.687416     0.107089
   53.500000     2.662178     0.108359
   54.500000     2.673676     0.099469
   55.500000     2.661204     0.100690
   56.500000     2.656303     0.094931
   57.500000     2.657340     0.094046
   58.500000     2.667255     0.095071
   59.500000     2.668829     0.099791
   60.500000     2.699841     0.102544
   61.500000     2.784624     0.102360
   62.500000     2.886432     0.102148
   63.500000     3.137314     0.106269
   64.500000     3.433958     0.117530
   65.500000     3.879139     0.133085
   66.500000     4.381525     0.139193
   67.500000     5.022290     0.157471
   68.500000     5.862756     0.178706
   69.500000     7.070713     0.225392
   70.500000     8.656912     0.345817
   71.500000    10.662528     0.470592
   72.500000    13.220230     0.677095
   73.500000    16.504438     0.865882
   74.500000    20.294756     0.922313
   75.500000    24.982217     1.036090
   76.500000    26.876720     0.394378
