           z    400-600ns    600-800ns   800-1000ns
    0.500000    24.272757    24.614975    24.408019
    1.500000    24.272757    24.614975    24.408019
    2.500000    24.272757    24.614975    24.408019
    3.500000    24.272757    24.614975    24.408019
    4.500000    24.272757    24.614975    24.408019
    5.500000    24.272757    24.614975    24.408019
    6.500000    15.460197    21.846045    21.639089
    7.500000    10.644580    13.871364    13.210810
    8.500000     7.557532     8.389336     8.583702
    9.500000     4.010139     4.468794     4.926079
   10.500000     1.441300     1.734718     2.249671
   11.500000    -0.476498    -0.220761     0.136248
   12.500000    -1.703675    -1.656302    -1.376696
   13.500000    -2.435201    -2.460598    -2.350954
   14.500000    -2.695926    -2.695926    -2.695926
   15.500000    -2.493738    -2.373964    -2.559982
   16.500000    -1.700641    -1.580709    -1.844006
   17.500000    -0.579610    -0.489791    -0.850042
   18.500000     0.715863     0.766776     0.442669
   19.500000     2.013038     2.051905     1.755212
   20.500000     2.705811     2.822075     2.748807
   21.500000     2.998253     3.132756     3.080759
   22.500000     2.679787     3.020089     3.166370
   23.500000     2.290514     2.805302     2.925800
   24.500000     1.980861     2.746170     2.623103
   25.500000     1.814954     2.353785     2.257344
   26.500000     1.395378     1.962168     1.829337
   27.500000     0.937826     1.508162     1.417992
   28.500000     0.592672     1.156766     1.003442
   29.500000     0.247522     0.850850     0.788134
   30.500000     0.037017     0.622834     0.489107
   31.500000    -0.031598     0.436675     0.357343
   32.500000    -0.094890     0.322749     0.127650
   33.500000    -0.239580     0.258835     0.047398
   34.500000    -0.356657     0.146681     0.023211
   35.500000    -0.403926     0.022041    -0.090731
   36.500000    -0.458895     0.052259    -0.152630
   37.500000    -0.481153    -0.004070    -0.152630
   38.500000    -0.487984    -0.046428    -0.167356
   39.500000    -0.448939    -0.073808    -0.289452
   40.500000    -0.507823    -0.139482    -0.282729
   41.500000    -0.482247    -0.198148    -0.338219
   42.500000    -0.519167    -0.169932    -0.372290
   43.500000    -0.474304    -0.189046    -0.435122
   44.500000    -0.487438    -0.190655    -0.417367
   45.500000    -0.509447    -0.204287    -0.393319
   46.500000    -0.447830    -0.166687    -0.433009
   47.500000    -0.490983    -0.121640    -0.494364
   48.500000    -0.487711    -0.161812    -0.478840
   49.500000    -0.474304    -0.119986    -0.407775
   50.500000    -0.502132    -0.141669    -0.438289
   51.500000    -0.428908    -0.145765    -0.365241
   52.500000    -0.483341    -0.132360    -0.434858
   53.500000    -0.500775    -0.161812    -0.504660
   54.500000    -0.434488    -0.170472    -0.432480
   55.500000    -0.502132    -0.155025    -0.380668
   56.500000    -0.461654    -0.175600    -0.410443
   57.500000    -0.423876    -0.065372    -0.431687
   58.500000    -0.463032    -0.119435    -0.408042
   59.500000    -0.461378    -0.106998    -0.435914
   60.500000    -0.453369    -0.082496    -0.396807
   61.500000    -0.347731     0.044303    -0.352994
   62.500000    -0.231739     0.229534    -0.247986
   63.500000    -0.014865     0.573719     0.008998
   64.500000     0.258138     0.936987     0.271313
   65.500000     0.614973     1.376505     0.654044
   66.500000     1.077582     2.029816     1.104996
   67.500000     1.690186     2.713720     1.854101
   68.500000     2.438566     3.605236     2.719095
   69.500000     3.388134     5.030990     3.887585
   70.500000     4.284645     6.588475     5.473300
   71.500000     5.959285     9.070434     7.183406
   72.500000     7.722187    11.198919     9.739146
   73.500000    10.534019    12.289393    12.583997
   74.500000    13.324677    14.911105    15.307101
   75.500000    17.131957    17.474175    21.639089
   76.500000    21.503826    24.614975    24.408019
