           z    400-600ns    600-800ns   800-1000ns
    0.500000    24.720938    24.973495    24.930015
    1.500000    24.720938    24.973495    24.930015
    2.500000    24.720938    24.973495    24.930015
    3.500000    24.720938    24.973495    24.930015
    4.500000    24.720938    24.973495    24.930015
    5.500000    17.580138    22.204565    22.161085
    6.500000    13.139448    18.508825    14.739953
    7.500000    12.009544    13.149473    10.905258
    8.500000     8.439465     7.946329     7.998533
    9.500000     5.241214     4.267801     4.802630
   10.500000     2.487111     1.562384     2.324242
   11.500000     0.285955    -0.362418     0.157570
   12.500000    -1.265412    -1.744397    -1.508785
   13.500000    -2.268002    -2.457690    -2.355163
   14.500000    -2.695926    -2.695926    -2.695926
   15.500000    -2.492273    -2.400879    -2.506932
   16.500000    -1.759991    -1.554559    -1.712330
   17.500000    -0.718371    -0.371306    -0.585059
   18.500000     0.532002     1.127256     0.795406
   19.500000     1.822336     2.534129     2.125688
   20.500000     2.731312     3.474300     3.081055
   21.500000     3.215779     3.979516     3.925114
   22.500000     3.313975     3.843405     3.871207
   23.500000     3.360863     3.516450     3.578367
   24.500000     3.050543     3.059544     3.315088
   25.500000     2.778446     2.774862     2.936296
   26.500000     2.316770     2.309378     2.430379
   27.500000     2.009007     1.923054     1.963786
   28.500000     1.489465     1.624193     1.595565
   29.500000     1.137352     1.299702     1.244909
   30.500000     0.926206     1.161609     0.993257
   31.500000     0.711093     0.975808     0.952350
   32.500000     0.524824     0.885130     0.754466
   33.500000     0.495637     0.787643     0.582218
   34.500000     0.392176     0.664240     0.504676
   35.500000     0.379900     0.582360     0.401471
   36.500000     0.321287     0.554397     0.311836
   37.500000     0.298406     0.537892     0.260961
   38.500000     0.246217     0.515641     0.285413
   39.500000     0.219464     0.478683     0.296867
   40.500000     0.175101     0.452441     0.212202
   41.500000     0.072624     0.459051     0.181583
   42.500000     0.091811     0.472626     0.258698
   43.500000     0.102181     0.408713     0.274579
   44.500000     0.045948     0.397532     0.261243
   45.500000    -0.010438     0.399588     0.247697
   46.500000    -0.019256     0.358783     0.317906
   47.500000    -0.033246     0.437184     0.314725
   48.500000    -0.010162     0.410779     0.268896
   49.500000    -0.014300     0.396945     0.338539
   50.500000     0.001460     0.436588     0.365233
   51.500000    -0.018430     0.427361     0.389830
   52.500000    -0.026672     0.436588     0.418281
   53.500000    -0.007676     0.373571     0.411663
   54.500000     0.043691     0.395184     0.364054
   55.500000     0.000628     0.385815     0.386259
   56.500000    -0.006294     0.333182     0.365528
   57.500000    -0.077714     0.335472     0.377057
   58.500000     0.017318     0.268481     0.427030
   59.500000    -0.043892     0.312376     0.454683
   60.500000     0.014808     0.403411     0.463253
   61.500000     0.034963     0.447046     0.550914
   62.500000     0.065786     0.562848     0.655926
   63.500000     0.325384     0.837138     0.906973
   64.500000     0.596845     1.217892     1.190318
   65.500000     0.966962     1.722577     1.648980
   66.500000     1.462085     2.166205     2.174786
   67.500000     1.921953     2.959411     2.922430
   68.500000     2.663418     3.967384     3.688365
   69.500000     3.860562     5.374658     4.861629
   70.500000     5.375575     7.865485     6.305439
   71.500000     7.077371    10.817046     8.330300
   72.500000     9.362771    15.164594    10.719167
   73.500000    13.772858    20.069044    14.116388
   74.500000    18.256267    22.204565    19.392154
   75.500000    21.952007    24.973495    24.930015
   76.500000    24.720938    24.973495    24.930015
