           z    400-600ns    600-800ns   800-1000ns
    0.500000    24.787670    22.917917    24.770290
    1.500000    24.787670    22.917917    24.770290
    2.500000    24.787670    22.917917    24.770290
    3.500000    24.787670    22.917917    24.770290
    4.500000    17.646870    20.148987    24.770290
    5.500000    13.905920    17.380056    22.001359
    6.500000    11.828678    13.323647    16.283394
    7.500000     9.545939    10.630523    11.480279
    8.500000     7.162551     7.617296     7.460322
    9.500000     4.004109     4.470679     4.600386
   10.500000     1.599614     1.689530     2.088681
   11.500000    -0.176372    -0.176242     0.054697
   12.500000    -1.444040    -1.548844    -1.482490
   13.500000    -2.310238    -2.404495    -2.434348
   14.500000    -2.695926    -2.695926    -2.695926
   15.500000    -2.497608    -2.459992    -2.444261
   16.500000    -1.796060    -1.750005    -1.686672
   17.500000    -0.638472    -0.513157    -0.506294
   18.500000     0.798121     1.026012     0.894031
   19.500000     2.272025     2.182403     2.425899
   20.500000     3.554855     2.926183     3.357141
   21.500000     4.106639     3.207367     3.820475
   22.500000     4.146888     3.368208     3.703198
   23.500000     3.950482     3.143430     3.334587
   24.500000     3.504478     2.712845     3.069394
   25.500000     3.007201     2.422555     2.452369
   26.500000     2.375176     2.048581     2.006610
   27.500000     1.972693     1.652133     1.608338
   28.500000     1.605732     1.234538     1.221767
   29.500000     1.224186     0.957957     1.064366
   30.500000     0.943785     0.707999     0.866665
   31.500000     0.750046     0.595686     0.626254
   32.500000     0.557987     0.446544     0.571787
   33.500000     0.534184     0.417612     0.448988
   34.500000     0.357972     0.325653     0.381683
   35.500000     0.365762     0.257564     0.336549
   36.500000     0.362020     0.186990     0.324463
   37.500000     0.257930     0.091158     0.344951
   38.500000     0.243320     0.005076     0.265190
   39.500000     0.254344    -0.019792     0.238755
   40.500000     0.231160    -0.028214     0.302302
   41.500000     0.204085    -0.045530     0.247736
   42.500000     0.186874    -0.005127     0.265190
   43.500000     0.191821    -0.037725     0.246837
   44.500000     0.214645    -0.025971     0.213187
   45.500000     0.156819    -0.061623     0.203739
   46.500000     0.159694    -0.073762     0.170075
   47.500000     0.208187    -0.066596     0.101518
   48.500000     0.163435    -0.061069     0.079261
   49.500000     0.155958    -0.056639     0.085721
   50.500000     0.159981    -0.024848     0.045547
   51.500000     0.162859    -0.034931     0.049148
   52.500000     0.140498     0.009055    -0.003785
   53.500000     0.105634     0.032487    -0.052170
   54.500000     0.120597    -0.003995    -0.082340
   55.500000     0.063482     0.020458    -0.131320
   56.500000     0.046652     0.011901    -0.059879
   57.500000     0.084609    -0.046643    -0.099121
   58.500000     0.075970    -0.006823    -0.049506
   59.500000     0.052709    -0.000031    -0.015428
   60.500000     0.080147     0.044574    -0.038287
   61.500000     0.226725     0.060781     0.134273
   62.500000     0.233528     0.176633     0.270026
   63.500000     0.447599     0.361381     0.526163
   64.500000     0.608682     0.655257     0.906853
   65.500000     1.184141     1.048252     1.432478
   66.500000     1.712078     1.569437     1.873402
   67.500000     2.176129     2.170305     2.529038
   68.500000     2.872876     3.048565     3.497963
   69.500000     4.072450     3.994234     4.902838
   70.500000     5.451682     5.540666     6.763604
   71.500000     7.509373     7.239610     8.512594
   72.500000     9.836104     9.900647    11.075196
   73.500000    13.650473    13.438229    13.822210
   74.500000    19.883220    18.013466    17.096908
   75.500000    24.787670    22.917917    24.770290
   76.500000    24.787670    22.917917    24.770290
