           z         mean           se
    0.500000    26.116356     0.302910
    1.500000    26.116356     0.302910
    2.500000    26.116356     0.302910
    3.500000    26.116356     0.302910
    4.500000    26.116356     0.302910
    5.500000    26.116356     0.302910
    6.500000    26.116356     0.302910
    7.500000    26.116356     0.302910
    8.500000    26.116356     0.302910
    9.500000    26.116356     0.302910
   10.500000    25.808697     0.407949
   11.500000    24.578062     0.653152
   12.500000    22.894774     0.947801
   13.500000    19.592857     0.825142
   14.500000    15.768461     0.362889
   15.500000    13.221295     0.401847
   16.500000    11.036087     0.388838
   17.500000     9.165991     0.281257
   18.500000     7.665538     0.207631
   19.500000     6.199545     0.124833
   20.500000     4.694506     0.088686
   21.500000     3.223400     0.058108
   22.500000     1.927886     0.044365
   23.500000     0.985211     0.035190
   24.500000     0.359175     0.016078
   25.500000     0.031085     0.011849
   26.500000     0.000000     0.000000
   27.500000     0.149912     0.012320
   28.500000     0.428326     0.013024
   29.500000     0.714055     0.017314
   30.500000     0.989533     0.014468
   31.500000     1.177794     0.023205
   32.500000     1.326497     0.030380
   33.500000     1.408973     0.027974
   34.500000     1.479189     0.036828
   35.500000     1.511111     0.031986
   36.500000     1.536607     0.035992
   37.500000     1.558782     0.034803
   38.500000     1.581096     0.032711
   39.500000     1.583553     0.031412
   40.500000     1.598036     0.039733
   41.500000     1.614948     0.038077
   42.500000     1.599954     0.040801
   43.500000     1.594638     0.041727
   44.500000     1.604936     0.038469
   45.500000     1.613037     0.038144
   46.500000     1.609747     0.040829
   47.500000     1.626819     0.040459
   48.500000     1.611453     0.043197
   49.500000     1.632098     0.044086
   50.500000     1.631657     0.038213
   51.500000     1.643794     0.037614
   52.500000     1.652060     0.036089
   53.500000     1.636122     0.030917
   54.500000     1.617627     0.033952
   55.500000     1.634312     0.037289
   56.500000     1.630596     0.030817
   57.500000     1.636404     0.027184
   58.500000     1.624859     0.030493
   59.500000     1.627478     0.029823
   60.500000     1.633675     0.031475
   61.500000     1.620146     0.030283
   62.500000     1.636906     0.030977
   63.500000     1.661851     0.030280
   64.500000     1.715847     0.027279
   65.500000     1.833936     0.032196
   66.500000     2.080512     0.041079
   67.500000     2.500078     0.062886
   68.500000     3.200171     0.083038
   69.500000     4.126384     0.107354
   70.500000     5.441596     0.155450
   71.500000     7.102899     0.159062
   72.500000     9.139196     0.222636
   73.500000    11.531734     0.281224
   74.500000    14.282591     0.418409
   75.500000    17.730110     0.553217
   76.500000    22.002764     0.785280
   77.500000    25.357985     0.544797
   78.500000    25.665644     0.512231
