           z    400-600ns    600-800ns   800-1000ns
    0.500000    24.794358    24.801311    24.948422
    1.500000    24.794358    24.801311    24.948422
    2.500000    24.794358    24.801311    24.948422
    3.500000    24.794358    24.801311    24.948422
    4.500000    24.794358    24.801311    24.948422
    5.500000    24.794358    24.801311    24.948422
    6.500000    24.794358    24.801311    24.948422
    7.500000    24.794358    24.801311    24.948422
    8.500000    24.794358    24.801311    24.948422
    9.500000    24.794358    24.801311    24.948422
   10.500000    24.794358    24.801311    24.948422
   11.500000    24.794358    24.801311    22.179491
   12.500000    22.025428    24.801311    18.904793
   13.500000    18.750729    22.032381    15.847504
   14.500000    14.517377    14.359000    14.671441
   15.500000    12.357564    12.842236    11.710649
   16.500000     9.436191    10.087959    10.294550
   17.500000     7.146200     8.033508     8.167643
   18.500000     5.384337     6.173623     6.695556
   19.500000     4.110574     4.780783     5.037612
   20.500000     2.775410     3.115158     3.466203
   21.500000     1.451753     1.708209     1.835830
   22.500000     0.207848     0.479685     0.390136
   23.500000    -0.653690    -0.499172    -0.549807
   24.500000    -1.262306    -1.221846    -1.198466
   25.500000    -1.563231    -1.565672    -1.564430
   26.500000    -1.610567    -1.610567    -1.610567
   27.500000    -1.458724    -1.505822    -1.477729
   28.500000    -1.169748    -1.219365    -1.149989
   29.500000    -0.892142    -0.897254    -0.817138
   30.500000    -0.645159    -0.641330    -0.579162
   31.500000    -0.409594    -0.435155    -0.321260
   32.500000    -0.189990    -0.295588    -0.110708
   33.500000    -0.104670    -0.243721    -0.052351
   34.500000    -0.089905    -0.182287     0.067278
   35.500000    -0.046406    -0.100814     0.069621
   36.500000    -0.023571    -0.090992     0.096318
   37.500000    -0.032358    -0.073060     0.105280
   38.500000    -0.024371    -0.059985     0.125430
   39.500000    -0.006175    -0.020616     0.113480
   40.500000     0.011614    -0.052108     0.224787
   41.500000     0.019741    -0.049740     0.267793
   42.500000     0.011073    -0.066531     0.254029
   43.500000    -0.048519    -0.057625     0.272021
   44.500000     0.025990     0.023711     0.229776
   45.500000     0.000010     0.038934     0.240062
   46.500000    -0.038199     0.023982     0.286167
   47.500000     0.050042     0.037027     0.275691
   48.500000     0.044281     0.038117     0.285316
   49.500000     0.034436     0.086553     0.292701
   50.500000    -0.046406     0.034303     0.288154
   51.500000    -0.024105     0.017485     0.295262
   52.500000     0.021098    -0.022213     0.283332
   53.500000    -0.002143    -0.020616     0.239226
   54.500000    -0.037138    -0.062867     0.226449
   55.500000    -0.031560    -0.081392     0.281349
   56.500000    -0.084443    -0.058936     0.195606
   57.500000    -0.028102    -0.005926     0.220084
   58.500000    -0.036076    -0.038395     0.182775
   59.500000    -0.076881     0.001585     0.183592
   60.500000    -0.038464    -0.070711     0.174890
   61.500000    -0.078970    -0.063915     0.170009
   62.500000    -0.022237    -0.068883     0.203831
   63.500000     0.000818     0.018567     0.214287
   64.500000     0.100246     0.040844     0.173805
   65.500000     0.258047     0.201678     0.262728
   66.500000     0.442065     0.446453     0.410918
   67.500000     0.801847     0.854735     0.803341
   68.500000     1.471948     1.504133     1.379678
   69.500000     2.350883     2.474776     2.171520
   70.500000     3.443766     3.802472     3.221025
   71.500000     5.168171     5.551294     4.748344
   72.500000     7.146200     7.582130     6.548390
   73.500000     9.260407    10.044252     8.771645
   74.500000    11.637030    13.119991    11.188142
   75.500000    15.200087    17.660511    14.000342
   76.500000    17.120977    24.801311    18.483751
   77.500000    20.737948    24.801311    24.948422
   78.500000    20.737948    24.801311    24.948422
