           z    400-600ns    600-800ns   800-1000ns
    0.500000    24.765632    22.087467    24.754830
    1.500000    24.765632    22.087467    24.754830
    2.500000    24.765632    22.087467    24.754830
    3.500000    24.765632    22.087467    24.754830
    4.500000    24.765632    22.087467    24.754830
    5.500000    24.765632    22.087467    24.754830
    6.500000    24.765632    22.087467    24.754830
    7.500000    24.765632    22.087467    24.754830
    8.500000    24.765632    22.087467    24.754830
    9.500000    24.765632    22.087467    24.754830
   10.500000    21.996702    22.087467    24.754830
   11.500000    19.227772    22.087467    21.985899
   12.500000    18.300962    19.318536    19.850379
   13.500000    17.624832    14.184801    16.267934
   14.500000    13.689911    12.177736    13.173340
   15.500000     9.722167     9.918237    11.490803
   16.500000     7.268696     8.370456     9.431032
   17.500000     6.197732     6.740704     7.492518
   18.500000     5.272637     5.385560     6.108552
   19.500000     4.292601     4.084762     4.707602
   20.500000     2.883113     2.714190     3.123794
   21.500000     1.513721     1.337174     1.568302
   22.500000     0.179414     0.106046     0.298514
   23.500000    -0.712972    -0.816840    -0.646042
   24.500000    -1.310697    -1.321780    -1.270642
   25.500000    -1.603226    -1.610151    -1.595510
   26.500000    -1.610567    -1.610567    -1.610567
   27.500000    -1.462118    -1.412482    -1.390483
   28.500000    -1.181319    -1.189639    -1.137339
   29.500000    -0.903613    -0.920674    -0.844775
   30.500000    -0.614412    -0.612132    -0.560148
   31.500000    -0.440607    -0.443425    -0.425441
   32.500000    -0.334130    -0.309045    -0.317837
   33.500000    -0.243066    -0.216752    -0.254116
   34.500000    -0.189080    -0.087682    -0.211477
   35.500000    -0.141646    -0.040046    -0.175002
   36.500000    -0.097761    -0.027606    -0.120845
   37.500000    -0.049094     0.045947    -0.108564
   38.500000    -0.075396     0.052376    -0.046777
   39.500000    -0.128483     0.068519    -0.075605
   40.500000    -0.077245     0.062049    -0.056690
   41.500000    -0.053097     0.073382    -0.054283
   42.500000    -0.168788     0.089661    -0.058562
   43.500000    -0.154998     0.068519    -0.084083
   44.500000    -0.166749     0.049159    -0.049460
   45.500000    -0.105868     0.075006    -0.036286
   46.500000    -0.120189     0.041938    -0.084612
   47.500000    -0.145248     0.072571    -0.039788
   48.500000    -0.156022     0.020396    -0.085670
   49.500000    -0.128483     0.064473    -0.110397
   50.500000    -0.052830     0.049159    -0.095168
   51.500000    -0.035706     0.063665    -0.080377
   52.500000    -0.007899     0.059627    -0.085141
   53.500000    -0.016841     0.039535    -0.107778
   54.500000    -0.020896     0.076630    -0.125013
   55.500000     0.037848     0.070139    -0.084877
   56.500000     0.048652     0.068519    -0.077727
   57.500000     0.046432     0.064473    -0.052676
   58.500000     0.045323     0.097840    -0.142648
   59.500000    -0.020355     0.101940    -0.081437
   60.500000     0.008168     0.112630    -0.102006
   61.500000     0.010355     0.094566    -0.114320
   62.500000     0.031774     0.116754    -0.094378
   63.500000     0.054489     0.123366    -0.109611
   64.500000     0.143414     0.225546    -0.020873
   65.500000     0.238285     0.388409     0.041739
   66.500000     0.488566     0.748514     0.324820
   67.500000     0.838731     1.318490     0.697291
   68.500000     1.524169     2.113898     1.481659
   69.500000     2.478101     3.117210     2.451334
   70.500000     3.909106     4.664665     3.787748
   71.500000     5.787245     6.310886     5.407129
   72.500000     8.050407     8.392373     7.398090
   73.500000    10.941810    10.831641     9.374007
   74.500000    15.171362    13.126606    12.626253
   75.500000    18.300962    16.549606    15.050960
   76.500000    21.996702    19.318536    20.698420
   77.500000    24.765632    22.087467    24.754830
   78.500000    24.765632    22.087467    24.754830
