           z    400-600ns    600-800ns   800-1000ns
    0.500000    24.786388    24.838169    24.775530
    1.500000    24.786388    24.838169    24.775530
    2.500000    24.786388    24.838169    24.775530
    3.500000    24.786388    24.838169    24.775530
    4.500000    24.786388    24.838169    24.775530
    5.500000    24.786388    24.838169    24.775530
    6.500000    24.786388    24.838169    24.775530
    7.500000    24.786388    24.838169    24.775530
    8.500000    24.786388    24.838169    24.775530
    9.500000    24.786388    24.838169    24.775530
   10.500000    24.786388    24.838169    24.775530
   11.500000    22.017457    24.838169    24.775530
   12.500000    18.742759    24.838169    24.775530
   13.500000    17.113007    19.300308    20.719121
   14.500000    15.825527    13.825460    15.181260
   15.500000    13.362473    11.446822    11.645598
   16.500000    11.345861     8.976303     9.618628
   17.500000     9.108080     7.517732     7.594704
   18.500000     7.115400     6.254396     6.104679
   19.500000     5.043666     4.833796     4.409408
   20.500000     3.349664     3.339969     2.987950
   21.500000     1.747806     1.825111     1.527594
   22.500000     0.461840     0.430972     0.301421
   23.500000    -0.508804    -0.555921    -0.684950
   24.500000    -1.197780    -1.201962    -1.277051
   25.500000    -1.555078    -1.519566    -1.638472
   26.500000    -1.610567    -1.610567    -1.610567
   27.500000    -1.486538    -1.465860    -1.486139
   28.500000    -1.198452    -1.138600    -1.255716
   29.500000    -0.929608    -0.866971    -0.996431
   30.500000    -0.670783    -0.579578    -0.686603
   31.500000    -0.481956    -0.367385    -0.570136
   32.500000    -0.351955    -0.235944    -0.411430
   33.500000    -0.270317    -0.133664    -0.295690
   34.500000    -0.135266    -0.039070    -0.314914
   35.500000    -0.158452    -0.045315    -0.257041
   36.500000    -0.164532     0.030663    -0.267308
   37.500000    -0.195212     0.036294    -0.195299
   38.500000    -0.150578     0.075246    -0.161181
   39.500000    -0.109280     0.061924    -0.146891
   40.500000    -0.080932     0.053802    -0.198058
   41.500000    -0.089027     0.025847    -0.101187
   42.500000    -0.083023    -0.003124    -0.070250
   43.500000    -0.064927     0.014378    -0.088125
   44.500000    -0.063347     0.024778    -0.124530
   45.500000    -0.121406     0.038173    -0.106393
   46.500000    -0.084852     0.034415    -0.066026
   47.500000    -0.073073     0.041937    -0.072887
   48.500000    -0.081193     0.039248    -0.096492
   49.500000    -0.052525     0.087544    -0.080517
   50.500000    -0.015756     0.076883    -0.048526
   51.500000    -0.047759     0.097425     0.013153
   52.500000    -0.027003     0.125634     0.026001
   53.500000     0.021830     0.029592     0.047193
   54.500000    -0.052790     0.043013     0.016155
   55.500000    -0.045904     0.048672     0.019433
   56.500000    -0.040328     0.058130     0.070795
   57.500000    -0.010920    -0.019717     0.018886
   58.500000    -0.011458     0.017573     0.013699
   59.500000    -0.046434     0.004287     0.085905
   60.500000     0.024011    -0.022341     0.121802
   61.500000     0.017475    -0.018667     0.069679
   62.500000     0.058050    -0.021817     0.033962
   63.500000     0.083327    -0.002859     0.079178
   64.500000     0.123282     0.005347     0.155908
   65.500000     0.257844     0.125356     0.236239
   66.500000     0.420336     0.386784     0.561050
   67.500000     0.822160     0.799818     1.069192
   68.500000     1.474137     1.442485     1.914332
   69.500000     2.354572     2.256893     2.987063
   70.500000     3.694609     3.502399     4.453475
   71.500000     5.462166     5.053836     5.941921
   72.500000     7.524076     6.714867     8.401130
   73.500000    10.452997     8.957737    10.656011
   74.500000    12.460805    11.255611    13.462420
   75.500000    15.685470    14.317089    18.310860
   76.500000    20.729978    18.373498    22.006600
   77.500000    24.786388    22.069238    24.775530
   78.500000    24.786388    24.838169    24.775530
