           z         mean           se
    0.500000    24.750586     0.264290
    1.500000    24.750586     0.264290
    2.500000    24.750586     0.264290
    3.500000    24.750586     0.264290
    4.500000    24.750586     0.264290
    5.500000    24.750586     0.264290
    6.500000    24.750586     0.264290
    7.500000    24.750586     0.264290
    8.500000    24.750586     0.264290
    9.500000    24.750586     0.264290
   10.500000    24.750586     0.264290
   11.500000    24.750586     0.264290
   12.500000    23.069239     0.657370
   13.500000    20.089559     1.287409
   14.500000    16.712047     1.066002
   15.500000    13.637664     0.725248
   16.500000    11.479536     0.570669
   17.500000     9.838221     0.437221
   18.500000     8.798061     0.381183
   19.500000     7.980952     0.303168
   20.500000     6.826383     0.130887
   21.500000     5.455917     0.064512
   22.500000     3.912003     0.050677
   23.500000     2.503103     0.032928
   24.500000     1.323365     0.023276
   25.500000     0.466464     0.017045
   26.500000    -0.153205     0.013251
   27.500000    -0.493004     0.017924
   28.500000    -0.644078     0.015531
   29.500000    -0.659649     0.000000
   30.500000    -0.604473     0.011234
   31.500000    -0.521817     0.012166
   32.500000    -0.408724     0.011728
   33.500000    -0.322291     0.021792
   34.500000    -0.246124     0.013004
   35.500000    -0.201068     0.020151
   36.500000    -0.143441     0.022427
   37.500000    -0.113465     0.025238
   38.500000    -0.078773     0.028237
   39.500000    -0.062492     0.026220
   40.500000    -0.027962     0.030315
   41.500000    -0.024703     0.034307
   42.500000    -0.005266     0.031738
   43.500000     0.010058     0.037082
   44.500000     0.016858     0.034408
   45.500000     0.016410     0.041655
   46.500000    -0.001967     0.038327
   47.500000     0.007050     0.041656
   48.500000     0.014251     0.040811
   49.500000    -0.004730     0.043318
   50.500000     0.013317     0.045685
   51.500000     0.010854     0.039321
   52.500000     0.007615     0.048562
   53.500000     0.021216     0.034939
   54.500000     0.025246     0.042886
   55.500000     0.040092     0.036051
   56.500000     0.020086     0.039444
   57.500000     0.019291     0.032672
   58.500000     0.042369     0.031237
   59.500000     0.027931     0.029823
   60.500000     0.035822     0.027719
   61.500000     0.029249     0.032363
   62.500000     0.046627     0.025527
   63.500000     0.081805     0.039294
   64.500000     0.190172     0.043173
   65.500000     0.398600     0.043534
   66.500000     0.746500     0.053277
   67.500000     1.212181     0.049190
   68.500000     1.844164     0.059547
   69.500000     2.730581     0.087008
   70.500000     3.836909     0.108705
   71.500000     5.358960     0.152951
   72.500000     7.254598     0.248561
   73.500000     9.468167     0.323716
   74.500000    12.129482     0.332262
   75.500000    15.182248     0.263292
   76.500000    18.868792     0.456025
   77.500000    23.353050     0.777230
   78.500000    23.992215     0.515228
