           z    400-600ns    600-800ns   800-1000ns
    0.500000    25.169028    25.181855    25.141913
    1.500000    25.169028    25.181855    25.141913
    2.500000    25.169028    25.181855    25.141913
    3.500000    25.169028    25.181855    25.141913
    4.500000    25.169028    25.181855    25.141913
    5.500000    25.169028    25.181855    25.141913
    6.500000    25.169028    25.181855    25.141913
    7.500000    25.169028    25.181855    25.141913
    8.500000    25.169028    25.181855    25.141913
    9.500000    25.169028    25.181855    25.141913
   10.500000    25.169028    25.181855    25.141913
   11.500000    25.169028    25.181855    25.141913
   12.500000    25.169028    22.412925    25.141913
   13.500000    21.112618    16.220994    22.372983
   14.500000    15.935427    13.868745    16.655018
   15.500000    13.537129    10.971007    13.013336
   16.500000    11.303717     8.845759    11.256111
   17.500000     9.520965     7.524541    10.327732
   18.500000     8.487230     6.741307     9.126428
   19.500000     7.548542     6.379967     8.821303
   20.500000     6.748656     6.061436     7.111469
   21.500000     5.330261     5.113469     5.511545
   22.500000     3.843900     3.917163     3.994600
   23.500000     2.374206     2.510227     2.531013
   24.500000     1.198820     1.316082     1.378598
   25.500000     0.445116     0.465985     0.479943
   26.500000    -0.174041    -0.176328    -0.073455
   27.500000    -0.481885    -0.489292    -0.432530
   28.500000    -0.655895    -0.687218    -0.638255
   29.500000    -0.659649    -0.659649    -0.659649
   30.500000    -0.581654    -0.585169    -0.603790
   31.500000    -0.525208    -0.547181    -0.477370
   32.500000    -0.445399    -0.408540    -0.423426
   33.500000    -0.422741    -0.340692    -0.293640
   34.500000    -0.250820    -0.214992    -0.241970
   35.500000    -0.245353    -0.149058    -0.213685
   36.500000    -0.158401    -0.032602    -0.141554
   37.500000    -0.066986    -0.005336    -0.091388
   38.500000    -0.011935     0.017342     0.012277
   39.500000     0.015465     0.028058     0.017467
   40.500000     0.043637     0.087106     0.078424
   41.500000     0.111353     0.103649     0.002397
   42.500000     0.029746     0.114497     0.089336
   43.500000     0.065452     0.119334     0.138661
   44.500000     0.030216     0.087584     0.083996
   45.500000     0.043401     0.061191     0.120881
   46.500000     0.078823     0.041165     0.075764
   47.500000     0.063310     0.027825     0.068764
   48.500000    -0.001753     0.055284     0.041912
   49.500000    -0.039040     0.039054     0.041912
   50.500000     0.045763     0.083523    -0.006275
   51.500000    -0.025294     0.097163     0.021959
   52.500000    -0.060652     0.046568    -0.048731
   53.500000     0.006841     0.094046     0.009921
   54.500000     0.055707     0.065926    -0.067525
   55.500000     0.018735     0.068534    -0.017946
   56.500000     0.045527     0.047744    -0.034889
   57.500000    -0.004997     0.078993    -0.011417
   58.500000     0.051914     0.093806     0.008744
   59.500000    -0.006849     0.066400     0.000519
   60.500000    -0.003144     0.055992     0.044298
   61.500000     0.022478     0.049156     0.010863
   62.500000     0.054284     0.096203     0.001693
   63.500000     0.177699     0.203506     0.025984
   64.500000     0.315872     0.344530     0.111057
   65.500000     0.547098     0.584259     0.253757
   66.500000     0.912541     0.917714     0.615165
   67.500000     1.463519     1.360445     1.041465
   68.500000     2.218977     1.930440     1.645567
   69.500000     3.281385     2.793722     2.431829
   70.500000     4.531045     3.751260     3.535555
   71.500000     6.355559     5.173883     4.987234
   72.500000     8.895456     6.994790     6.903523
   73.500000    11.242737     9.357538     9.161741
   74.500000    13.855918    12.282519    11.877886
   75.500000    16.068110    14.368228    15.041874
   76.500000    19.125399    20.277404    20.237463
   77.500000    25.169028    20.277404    25.141913
   78.500000    25.169028    22.412925    25.141913
