           z    400-600ns    600-800ns   800-1000ns
    0.500000    23.398250    25.249357    25.091218
    1.500000    23.398250    25.249357    25.091218
    2.500000    23.398250    25.249357    25.091218
    3.500000    23.398250    25.249357    25.091218
    4.500000    23.398250    25.249357    25.091218
    5.500000    23.398250    25.249357    25.091218
    6.500000    23.398250    25.249357    25.091218
    7.500000    23.398250    25.249357    25.091218
    8.500000    23.398250    25.249357    25.091218
    9.500000    23.398250    25.249357    25.091218
   10.500000    23.398250    25.249357    25.091218
   11.500000    23.398250    25.249357    25.091218
   12.500000    23.398250    25.249357    22.322287
   13.500000    23.398250    25.249357    18.626547
   14.500000    17.860390    22.480426    15.990299
   15.500000    13.918563    16.762461    13.509728
   16.500000    11.668460    13.719305    11.463041
   17.500000    10.324020    10.580483     9.525629
   18.500000     9.770074     9.350494     8.732069
   19.500000     8.931739     8.547450     7.608935
   20.500000     7.237974     7.073428     6.860095
   21.500000     5.637957     5.399077     5.465031
   22.500000     3.927413     3.662147     3.814539
   23.500000     2.532750     2.336516     2.535990
   24.500000     1.302740     1.273927     1.388613
   25.500000     0.424803     0.404631     0.511734
   26.500000    -0.177052    -0.165445    -0.168635
   27.500000    -0.555852    -0.574135    -0.450215
   28.500000    -0.695808    -0.605969    -0.608288
   29.500000    -0.659649    -0.659649    -0.659649
   30.500000    -0.604602    -0.541531    -0.619917
   31.500000    -0.480719    -0.481536    -0.515419
   32.500000    -0.388865    -0.334748    -0.432942
   33.500000    -0.302277    -0.228837    -0.337647
   34.500000    -0.245547    -0.227811    -0.217621
   35.500000    -0.213040    -0.143247    -0.159217
   36.500000    -0.190988    -0.159545    -0.089976
   37.500000    -0.183158    -0.095877    -0.054396
   38.500000    -0.109785    -0.109472    -0.062112
   39.500000    -0.104846    -0.083296    -0.044540
   40.500000    -0.076829     0.011084    -0.027080
   41.500000    -0.052171     0.057333    -0.064913
   42.500000     0.005383     0.064010    -0.024238
   43.500000     0.033710     0.083218    -0.037712
   44.500000     0.043700     0.152458    -0.049942
   45.500000     0.018090     0.185384    -0.021392
   46.500000     0.019979     0.142449    -0.120275
   47.500000     0.089881     0.195322    -0.108841
   48.500000     0.109375     0.209937    -0.082576
   49.500000     0.084546     0.219482    -0.164154
   50.500000     0.128036     0.215806    -0.145926
   51.500000     0.071500     0.214582    -0.149312
   52.500000     0.157285     0.297425    -0.155169
   53.500000     0.072464     0.225865    -0.133928
   54.500000     0.091823     0.307054    -0.103334
   55.500000     0.073910     0.303756    -0.042423
   56.500000     0.030863     0.286322    -0.010929
   57.500000     0.065242     0.234731    -0.009738
   58.500000     0.062359     0.239422     0.036697
   59.500000     0.063320     0.220953     0.015659
   60.500000     0.080190     0.211892     0.018310
   61.500000     0.023286     0.250817     0.030149
   62.500000     0.042747     0.205787     0.040342
   63.500000     0.012905     0.290858     0.020239
   64.500000     0.129022     0.395938     0.122900
   65.500000     0.301449     0.564507     0.322577
   66.500000     0.628552     0.978248     0.562075
   67.500000     1.158482     1.325496     1.039456
   68.500000     1.710250     1.959993     1.662920
   69.500000     2.609407     2.827873     2.451668
   70.500000     3.782548     3.826957     3.396761
   71.500000     5.309371     5.239588     4.769162
   72.500000     7.196924     6.822242     6.339153
   73.500000     8.931739     8.844726     7.899373
   74.500000    11.483394    11.404705    10.498265
   75.500000    14.911355    15.889710    14.143138
   76.500000    17.860390    19.711496    18.626547
   77.500000    20.629320    25.249357    25.091218
   78.500000    23.398250    25.249357    25.091218
