           z    400-600ns    600-800ns   800-1000ns
    0.500000    23.313545    25.154699    25.055413
    1.500000    23.313545    25.154699    25.055413
    2.500000    23.313545    25.154699    25.055413
    3.500000    23.313545    25.154699    25.055413
    4.500000    23.313545    25.154699    25.055413
    5.500000    23.313545    25.154699    25.055413
    6.500000    23.313545    25.154699    25.055413
    7.500000    23.313545    25.154699    25.055413
    8.500000    23.313545    25.154699    25.055413
    9.500000    23.313545    25.154699    25.055413
   10.500000    23.313545    25.154699    25.055413
   11.500000    23.313545    25.154699    25.055413
   12.500000    23.313545    21.098289    19.517552
   13.500000    23.313545    16.053781    14.457951
   14.500000    20.544615    14.793697    12.279802
   15.500000    16.848875    13.730785    10.447092
   16.500000    14.079944    11.642157     9.337335
   17.500000    12.300836     9.642062     8.797717
   18.500000    10.701653     8.506778     7.766514
   19.500000     9.031945     7.787683     7.171001
   20.500000     7.039973     6.986221     6.318192
   21.500000     5.298915     5.735575     5.611424
   22.500000     3.844934     3.990279     4.213053
   23.500000     2.468604     2.582510     2.656114
   24.500000     1.314923     1.300628     1.435956
   25.500000     0.527070     0.402431     0.536460
   26.500000    -0.143750    -0.196154    -0.103981
   27.500000    -0.505487    -0.528965    -0.418673
   28.500000    -0.660021    -0.688758    -0.556485
   29.500000    -0.659649    -0.659649    -0.659649
   30.500000    -0.635291    -0.608845    -0.659462
   31.500000    -0.545993    -0.539726    -0.583204
   32.500000    -0.433913    -0.380521    -0.430160
   33.500000    -0.321312    -0.244479    -0.408992
   34.500000    -0.272216    -0.208860    -0.335279
   35.500000    -0.236301    -0.133199    -0.316509
   36.500000    -0.157896    -0.092138    -0.267873
   37.500000    -0.210139    -0.087183    -0.226723
   38.500000    -0.113827    -0.073848    -0.257593
   39.500000    -0.112437    -0.061581    -0.216720
   40.500000    -0.141002    -0.062719    -0.164280
   41.500000    -0.115216    -0.067040    -0.197716
   42.500000    -0.085887    -0.049940    -0.190299
   43.500000    -0.125839     0.005575    -0.191874
   44.500000    -0.107335     0.076012    -0.164963
   45.500000    -0.140544     0.090484    -0.209806
   46.500000    -0.177389     0.066890    -0.145104
   47.500000    -0.161989     0.057322    -0.168144
   48.500000    -0.185504     0.089517    -0.107937
   49.500000    -0.185504     0.061384    -0.100251
   50.500000    -0.164259     0.105770    -0.142582
   51.500000    -0.096634     0.077696    -0.113977
   52.500000    -0.088695     0.043276    -0.122777
   53.500000    -0.025706     0.027184    -0.085746
   54.500000    -0.050521     0.025770    -0.097684
   55.500000    -0.006933     0.016357    -0.053159
   56.500000    -0.073212     0.032852    -0.143500
   57.500000    -0.051945    -0.021410    -0.105843
   58.500000    -0.034801     0.025298    -0.102116
   59.500000    -0.077444     0.043751    -0.074931
   60.500000    -0.089163     0.034744    -0.030719
   61.500000    -0.124456     0.010960    -0.010011
   62.500000    -0.081200     0.022942     0.036843
   63.500000    -0.083076     0.073849     0.014283
   64.500000     0.009062     0.131945     0.151225
   65.500000     0.280372     0.376557     0.356822
   66.500000     0.578958     0.760091     0.765158
   67.500000     1.092392     1.215672     1.212706
   68.500000     1.799466     1.862890     1.806979
   69.500000     2.564593     2.867167     2.747581
   70.500000     3.725307     4.074646     3.908099
   71.500000     5.240116     5.726505     5.429226
   72.500000     6.946759     7.919257     7.273279
   73.500000     9.662865    10.515920     9.596863
   74.500000    12.499918    13.195624    12.067113
   75.500000    15.640164    16.193838    14.383817
   76.500000    18.409094    19.616838    15.954495
   77.500000    23.313545    25.154699    20.150962
   78.500000    23.313545    25.154699    20.999003
