           z         mean           se
    0.500000     0.000000     0.000000
    1.500000     0.071654     0.006711
    2.500000     0.249275     0.006793
    3.500000     0.514618     0.010153
    4.500000     0.826831     0.011447
    5.500000     1.141552     0.015430
    6.500000     1.362387     0.025408
    7.500000     1.431282     0.033874
    8.500000     1.391003     0.041188
    9.500000     1.281261     0.042571
   10.500000     1.264100     0.047456
   11.500000     1.442324     0.043892
   12.500000     1.913278     0.046902
   13.500000     2.743781     0.054784
   14.500000     4.006699     0.061375
   15.500000     5.607751     0.071549
   16.500000     7.562627     0.108383
   17.500000     9.732491     0.159737
   18.500000    12.126908     0.163681
   19.500000    14.578713     0.292971
   20.500000    17.196806     0.420199
   21.500000    19.070166     0.413921
   22.500000    20.432796     0.631573
   23.500000    21.179856     1.101111
   24.500000    21.465185     1.274080
   25.500000    22.008788     1.453404
   26.500000    22.259219     1.725043
   27.500000    22.047846     1.777965
   28.500000    21.421782     1.616993
   29.500000    21.560335     1.600373
   30.500000    21.329834     1.577994
   31.500000    21.999706     1.542331
   32.500000    22.006031     1.546580
   33.500000    21.974927     1.589894
   34.500000    22.016202     1.596738
   35.500000    22.424413     1.709088
   36.500000    22.340142     1.687862
   37.500000    22.598065     1.663126
   38.500000    22.913512     1.770770
   39.500000    23.246041     1.893616
   40.500000    22.657681     1.835043
   41.500000    22.456102     1.844814
   42.500000    22.416278     1.762234
   43.500000    22.033614     1.794211
   44.500000    22.436849     1.794430
   45.500000    22.356932     1.807278
   46.500000    22.219612     1.805616
   47.500000    22.195225     1.861206
   48.500000    22.122611     1.851745
   49.500000    22.028673     1.898526
   50.500000    22.060222     1.848204
   51.500000    22.084460     1.911174
   52.500000    22.876201     1.977454
   53.500000    23.156186     1.981031
   54.500000    22.892237     1.987971
   55.500000    22.732134     2.015182
   56.500000    22.826475     1.991369
   57.500000    22.920756     1.980475
   58.500000    22.884763     1.993315
   59.500000    22.731294     2.052032
   60.500000    22.976119     2.021224
   61.500000    22.955113     2.000469
   62.500000    22.713706     2.000609
   63.500000    22.866912     1.937189
   64.500000    22.848935     1.919675
   65.500000    23.199568     1.843074
   66.500000    23.646661     1.689720
   67.500000    23.704204     1.647904
   68.500000    24.397282     1.425124
   69.500000    25.003490     1.284838
   70.500000    26.381185     1.190734
   71.500000    27.001249     1.018954
   72.500000    27.884151     0.665753
   73.500000    28.572144     0.347782
