           z         mean           se
    0.500000   -22.292358     0.000000
    1.500000   -22.220704     0.006711
    2.500000   -22.043083     0.006793
    3.500000   -21.777740     0.010153
    4.500000   -21.465527     0.011447
    5.500000   -21.150805     0.015430
    6.500000   -20.929971     0.025408
    7.500000   -20.861075     0.033874
    8.500000   -20.901355     0.041188
    9.500000   -21.011096     0.042571
   10.500000   -21.028257     0.047456
   11.500000   -20.850033     0.043892
   12.500000   -20.379079     0.046902
   13.500000   -19.548576     0.054784
   14.500000   -18.285658     0.061375
   15.500000   -16.684606     0.071549
   16.500000   -14.729731     0.108383
   17.500000   -12.559867     0.159737
   18.500000   -10.165450     0.163681
   19.500000    -7.713645     0.292971
   20.500000    -5.095552     0.420199
   21.500000    -3.222192     0.413921
   22.500000    -1.859561     0.631573
   23.500000    -1.112502     1.101111
   24.500000    -0.827172     1.274080
   25.500000    -0.283569     1.453404
   26.500000    -0.033139     1.725043
   27.500000    -0.244512     1.777965
   28.500000    -0.870576     1.616993
   29.500000    -0.732022     1.600373
   30.500000    -0.962523     1.577994
   31.500000    -0.292652     1.542331
   32.500000    -0.286326     1.546580
   33.500000    -0.317431     1.589894
   34.500000    -0.276156     1.596738
   35.500000     0.132055     1.709088
   36.500000     0.047785     1.687862
   37.500000     0.305708     1.663126
   38.500000     0.621155     1.770770
   39.500000     0.953683     1.893616
   40.500000     0.365323     1.835043
   41.500000     0.163744     1.844814
   42.500000     0.123921     1.762234
   43.500000    -0.258743     1.794211
   44.500000     0.144491     1.794430
   45.500000     0.064574     1.807278
   46.500000    -0.072745     1.805616
   47.500000    -0.097133     1.861206
   48.500000    -0.169747     1.851745
   49.500000    -0.263685     1.898526
   50.500000    -0.232136     1.848204
   51.500000    -0.207898     1.911174
   52.500000     0.583843     1.977454
   53.500000     0.863828     1.981031
   54.500000     0.599880     1.987971
   55.500000     0.439776     2.015182
   56.500000     0.534118     1.991369
   57.500000     0.628398     1.980475
   58.500000     0.592405     1.993315
   59.500000     0.438937     2.052032
   60.500000     0.683762     2.021224
   61.500000     0.662756     2.000469
   62.500000     0.421348     2.000609
   63.500000     0.574554     1.937189
   64.500000     0.556578     1.919675
   65.500000     0.907210     1.843074
   66.500000     1.354303     1.689720
   67.500000     1.411846     1.647904
   68.500000     2.104925     1.425124
   69.500000     2.711132     1.284838
   70.500000     4.088827     1.190734
   71.500000     4.708891     1.018954
   72.500000     5.591794     0.665753
   73.500000     6.279786     0.347782
