           z    400-600ns    600-800ns   800-1000ns
    0.500000   -22.292358   -22.292358   -22.292358
    1.500000   -22.218114   -22.255633   -22.193346
    2.500000   -22.025628   -22.077564   -22.022560
    3.500000   -21.776654   -21.800251   -21.729370
    4.500000   -21.444812   -21.492820   -21.427525
    5.500000   -21.149895   -21.183876   -21.117277
    6.500000   -20.907783   -20.979001   -20.827381
    7.500000   -20.813305   -20.920314   -20.727817
    8.500000   -20.828460   -20.944347   -20.749336
    9.500000   -20.947522   -21.084331   -20.839008
   10.500000   -20.960905   -21.117524   -20.843543
   11.500000   -20.781481   -20.972990   -20.647483
   12.500000   -20.327906   -20.468492   -20.170871
   13.500000   -19.530365   -19.648050   -19.322786
   14.500000   -18.243999   -18.324709   -18.036738
   15.500000   -16.725867   -16.611299   -16.380832
   16.500000   -14.545433   -14.571682   -14.317550
   17.500000   -12.269155   -12.300398   -12.152047
   18.500000   -10.007877    -9.780691    -9.585870
   19.500000    -7.532625    -7.458667    -5.995063
   20.500000    -5.582471    -5.394399    -1.998665
   21.500000    -3.624516    -4.995613    -0.395726
   22.500000    -3.091935    -4.897721     1.085725
   23.500000    -3.543206    -4.213902     5.142135
   24.500000    -3.853800    -3.455884     5.142135
   25.500000    -2.541851    -3.175552     5.142135
   26.500000    -1.488996    -3.786902     5.142135
   27.500000    -0.323004    -4.079449     5.142135
   28.500000     1.279935    -4.795873     5.142135
   29.500000     0.353125    -4.743363     5.142135
   30.500000     0.353125    -4.578932     5.142135
   31.500000     1.279935    -4.743363     5.142135
   32.500000     1.279935    -4.634943     5.142135
   33.500000     1.279935    -5.135670     5.142135
   34.500000     1.913345    -5.135670     5.142135
   35.500000     2.761386    -5.435051     5.142135
   36.500000     4.048865    -4.995613     5.142135
   37.500000     4.048865    -5.089844     5.142135
   38.500000     6.817796    -5.043169     5.142135
   39.500000     6.817796    -5.268353     5.142135
   40.500000     6.817796    -5.043169     5.142135
   41.500000     6.817796    -5.666088     5.142135
   42.500000     6.817796    -4.897721     5.142135
   43.500000     6.817796    -4.795873     5.142135
   44.500000     6.817796    -5.043169     5.142135
   45.500000     6.817796    -4.578932     5.142135
   46.500000     6.817796    -4.403019     5.142135
   47.500000     6.817796    -4.947142     5.142135
   48.500000     6.817796    -4.897721     5.142135
   49.500000     6.817796    -5.089844     5.142135
   50.500000     6.817796    -5.135670     5.142135
   51.500000     6.817796    -4.521648     5.142135
   52.500000     6.817796    -4.278531     5.142135
   53.500000     6.817796    -4.079449     5.142135
   54.500000     6.817796    -4.147572     5.142135
   55.500000     6.817796    -4.079449     5.142135
   56.500000     6.817796    -4.079449     5.142135
   57.500000     6.817796    -4.079449     5.142135
   58.500000     6.817796    -4.009434     5.142135
   59.500000     6.817796    -4.463032     5.142135
   60.500000     6.817796    -4.947142     5.142135
   61.500000     6.817796    -4.009434     5.142135
   62.500000     6.817796    -4.995613     5.142135
   63.500000     6.817796    -3.786902     5.142135
   64.500000     6.817796    -3.455884     5.142135
   65.500000     6.817796    -4.147572     5.142135
   66.500000     6.817796    -2.226682     5.142135
   67.500000     6.817796    -0.686954     5.142135
   68.500000     6.817796     0.269508     5.142135
   69.500000     6.817796     0.269508     5.142135
   70.500000     6.817796     6.734178     5.142135
   71.500000     6.817796     3.965248     5.142135
   72.500000     6.817796     6.734178     5.142135
   73.500000     6.817796     6.734178     5.142135
