           z    400-600ns    600-800ns   800-1000ns
    0.500000   -22.292358   -22.292358   -22.292358
    1.500000   -22.238565   -22.211161   -22.216404
    2.500000   -22.057343   -22.038716   -22.025169
    3.500000   -21.801375   -21.748978   -21.744257
    4.500000   -21.474354   -21.460651   -21.421391
    5.500000   -21.211539   -21.142009   -21.106698
    6.500000   -21.024268   -20.915022   -20.915998
    7.500000   -20.950624   -20.864634   -20.878097
    8.500000   -20.997973   -20.931170   -20.956072
    9.500000   -21.081170   -21.044093   -21.010153
   10.500000   -21.067085   -21.092328   -21.027201
   11.500000   -20.873352   -20.916992   -20.812495
   12.500000   -20.489640   -20.462545   -20.227174
   13.500000   -19.739030   -19.650920   -19.290206
   14.500000   -18.430165   -18.458034   -17.970710
   15.500000   -16.764919   -16.849079   -16.348503
   16.500000   -14.932093   -15.073741   -14.255399
   17.500000   -12.821592   -13.209637   -11.852336
   18.500000   -10.451762   -10.888808    -9.602803
   19.500000    -8.065442    -8.582830    -8.060709
   20.500000    -5.180277    -5.779373    -5.768503
   21.500000    -2.859691    -3.426130    -4.004299
   22.500000    -0.938801    -1.722964    -4.072422
   23.500000    -1.752316     0.299262    -4.138751
   24.500000     1.196719     1.226071    -6.207942
   25.500000     0.269910     3.995002    -6.207942
   26.500000    -0.938801    -0.376868    -6.264902
   27.500000    -0.938801    -2.595714    -6.506401
   28.500000    -1.752316    -2.595714    -6.347999
   29.500000    -1.752316    -2.830339    -6.178972
   30.500000    -2.625067    -2.336986    -6.557063
   31.500000    -1.572211    -0.909449    -5.516254
   32.500000     0.269910    -0.376868    -6.292907
   33.500000    -0.090760    -1.542859    -6.059641
   34.500000    -0.090760     0.299262    -6.149664
   35.500000     1.830129    -1.348887    -6.120012
   36.500000    -0.686552    -2.048627    -5.934378
   37.500000    -0.090760    -0.376868    -6.149664
   38.500000    -0.090760    -0.376868    -5.663472
   39.500000     0.690951    -0.376868    -5.869332
   40.500000    -0.090760    -1.722964    -6.401914
   41.500000    -1.752316     0.299262    -6.059641
   42.500000    -0.686552     0.299262    -6.480682
   43.500000    -1.920404    -0.909449    -6.178972
   44.500000     0.269910    -0.909449    -6.028904
   45.500000    -0.938801     0.720303    -6.557063
   46.500000    -1.168086    -0.376868    -6.726769
   47.500000    -0.090760     0.299262    -6.773229
   48.500000    -1.572211    -0.376868    -6.531859
   49.500000    -1.752316     0.299262    -6.726769
   50.500000    -1.752316     0.299262    -6.090007
   51.500000    -1.920404     1.859481    -6.703214
   52.500000    -0.406220     6.763932    -5.768503
   53.500000    -0.406220     6.763932    -6.557063
   54.500000    -2.226281     6.763932    -6.028904
   55.500000    -2.625067     6.763932    -6.582018
   56.500000    -1.378240     6.763932    -6.401914
   57.500000    -1.168086     6.763932    -6.207942
   58.500000    -0.090760     6.763932    -6.059641
   59.500000     0.690951     6.763932    -6.320604
   60.500000    -0.090760     6.763932    -6.347999
   61.500000     1.196719     6.763932    -6.059641
   62.500000    -1.168086     6.763932    -5.836169
   63.500000    -1.168086     6.763932    -5.802563
   64.500000    -1.378240     6.763932    -5.553873
   65.500000    -0.686552     6.763932    -4.920462
   66.500000    -0.938801     6.763932    -4.503782
   67.500000    -1.752316     6.763932    -3.711752
   68.500000    -1.378240     6.763932    -1.677567
   69.500000     1.196719     6.763932     1.271468
   70.500000    -0.406220     6.763932     4.040398
   71.500000    -0.938801     6.763932     6.809328
   72.500000     2.678170     6.763932     6.809328
   73.500000     6.734580     6.763932     6.809328
