           z    400-600ns    600-800ns   800-1000ns
    0.500000   -22.292358   -22.292358   -22.292358
    1.500000   -22.239311   -22.199428   -22.214377
    2.500000   -22.070205   -22.033469   -22.037091
    3.500000   -21.819935   -21.786679   -21.792158
    4.500000   -21.534209   -21.462253   -21.471728
    5.500000   -21.202174   -21.072386   -21.171394
    6.500000   -21.043905   -20.826202   -20.930176
    7.500000   -21.009672   -20.694403   -20.890813
    8.500000   -21.064911   -20.680944   -20.958980
    9.500000   -21.158213   -20.794409   -21.140968
   10.500000   -21.150865   -20.781821   -21.213043
   11.500000   -20.956256   -20.671299   -21.017952
   12.500000   -20.506212   -20.227793   -20.531079
   13.500000   -19.667553   -19.427541   -19.660738
   14.500000   -18.480031   -18.221332   -18.405204
   15.500000   -16.962056   -16.627951   -16.890951
   16.500000   -15.141770   -14.750264   -14.979646
   17.500000   -13.239613   -12.419712   -12.774312
   18.500000   -10.836572   -10.012405   -10.322260
   19.500000    -8.432182    -6.752132    -8.543152
   20.500000    -5.494297    -4.437066    -6.224915
   21.500000    -3.133969    -2.932857    -3.626924
   22.500000    -1.227733    -1.778939    -0.091262
   23.500000    -3.686069    -0.797337     2.677668
   24.500000    -4.580894     0.411374     2.677668
   25.500000    -5.970565     1.971594     3.965147
   26.500000    -6.194037     6.876044     6.734078
   27.500000    -6.509497     6.876044     6.734078
   28.500000    -6.837610     1.338184     6.734078
   29.500000    -6.132184     2.819635     6.734078
   30.500000    -6.132184     1.338184     6.734078
   31.500000    -5.868373     2.819635     6.734078
   32.500000    -6.036461     1.338184     6.734078
   33.500000    -6.003728     2.819635     6.734078
   34.500000    -6.536309     1.338184     6.734078
   35.500000    -6.482395     4.107114     6.734078
   36.500000    -5.936959     4.107114     6.734078
   37.500000    -5.573686     4.107114     6.734078
   38.500000    -6.036461     4.107114     6.734078
   39.500000    -6.163300     6.876044     6.734078
   40.500000    -6.254408     4.107114     6.734078
   41.500000    -6.861165     2.819635     6.734078
   42.500000    -6.224403     0.411374     6.734078
   43.500000    -6.953244    -0.264756     6.734078
   44.500000    -7.020161     1.338184     6.734078
   45.500000    -7.169720     0.411374     6.734078
   46.500000    -7.085347     0.411374     6.734078
   47.500000    -7.791579    -0.264756     6.734078
   48.500000    -7.675488     0.832415     6.734078
   49.500000    -8.208877     0.411374     6.734078
   50.500000    -7.839741    -0.264756     6.734078
   51.500000    -8.481970    -0.797337     6.734078
   52.500000    -8.139249    -1.610851     6.734078
   53.500000    -7.978939     1.338184     6.734078
   54.500000    -8.067642     0.411374     6.734078
   55.500000    -7.948663    -0.264756     6.734078
   56.500000    -7.993941    -0.797337     6.734078
   57.500000    -8.082127    -0.264756     6.734078
   58.500000    -8.355608    -1.610851     6.734078
   59.500000    -8.481970    -2.932857     6.734078
   60.500000    -8.329557     0.411374     6.734078
   61.500000    -8.263227    -2.357556     6.734078
   62.500000    -7.886999    -1.778939     6.734078
   63.500000    -7.444587    -2.084816     6.734078
   64.500000    -7.127886    -2.932857     6.734078
   65.500000    -6.741124    -0.797337     6.734078
   66.500000    -5.650650     0.050704     6.734078
   67.500000    -5.573686    -1.026621     6.734078
   68.500000    -4.138695     0.411374     6.734078
   69.500000    -4.206817     0.411374     6.734078
   70.500000    -3.133969     4.107114     6.734078
   71.500000     0.210262     6.876044     6.734078
   72.500000     1.770482     6.876044     6.734078
   73.500000     3.906002     6.876044     6.734078
