           z         mean           se
    0.500000    -8.263928     0.051728
    1.500000    -8.220810     0.048053
    2.500000    -8.095818     0.042429
    3.500000    -7.895348     0.043021
    4.500000    -7.667718     0.036307
    5.500000    -7.456369     0.033374
    6.500000    -7.373023     0.033538
    7.500000    -7.443008     0.030175
    8.500000    -7.667358     0.025521
    9.500000    -7.989514     0.014568
   10.500000    -8.293124     0.011953
   11.500000    -8.449349     0.000000
   12.500000    -8.341000     0.009634
   13.500000    -7.951225     0.024673
   14.500000    -7.211017     0.031896
   15.500000    -6.165076     0.041190
   16.500000    -4.823640     0.054776
   17.500000    -3.244736     0.077381
   18.500000    -1.624807     0.095810
   19.500000    -0.157403     0.105769
   20.500000     0.908438     0.136238
   21.500000     1.310307     0.191622
   22.500000     1.180109     0.212791
   23.500000     0.747852     0.213066
   24.500000     0.352676     0.202187
   25.500000     0.055650     0.212903
   26.500000    -0.113694     0.201615
   27.500000    -0.137141     0.208660
   28.500000    -0.124241     0.203370
   29.500000    -0.034409     0.206857
   30.500000    -0.057171     0.202294
   31.500000    -0.002784     0.211038
   32.500000     0.081667     0.229489
   33.500000    -0.033805     0.227683
   34.500000     0.019127     0.236552
   35.500000    -0.026560     0.242229
   36.500000     0.030644     0.245146
   37.500000    -0.019952     0.254390
   38.500000    -0.025440     0.271154
   39.500000    -0.025512     0.271990
   40.500000     0.026622     0.253350
   41.500000    -0.012536     0.268240
   42.500000     0.030622     0.271932
   43.500000    -0.010786     0.282169
   44.500000    -0.005448     0.299543
   45.500000     0.009846     0.289773
   46.500000     0.004594     0.280009
   47.500000    -0.056697     0.311050
   48.500000     0.011421     0.289960
   49.500000     0.002362     0.306582
   50.500000     0.018652     0.292059
   51.500000     0.057723     0.328577
   52.500000    -0.022586     0.313154
   53.500000    -0.003936     0.325748
   54.500000    -0.006706     0.310326
   55.500000    -0.044775     0.302773
   56.500000    -0.052069     0.311500
   57.500000    -0.065687     0.311118
   58.500000    -0.080567     0.318922
   59.500000    -0.067030     0.305584
   60.500000    -0.045982     0.308023
   61.500000    -0.090004     0.300692
   62.500000    -0.025802     0.309344
   63.500000     0.083165     0.319600
   64.500000     0.230875     0.315380
   65.500000     0.644904     0.323425
   66.500000     1.257197     0.351879
   67.500000     2.155158     0.321488
   68.500000     3.338456     0.316001
   69.500000     5.005743     0.341411
   70.500000     7.178283     0.279800
   71.500000     9.806985     0.196833
   72.500000    13.108613     0.466244
   73.500000    15.894420     0.662749
   74.500000    17.669995     0.594684
