           z    400-600ns    600-800ns   800-1000ns
    0.500000    -8.184656    -8.372170    -8.272577
    1.500000    -8.120106    -8.311433    -8.234085
    2.500000    -8.009712    -8.201089    -8.127781
    3.500000    -7.813191    -7.946796    -7.907383
    4.500000    -7.620209    -7.755954    -7.672905
    5.500000    -7.401297    -7.523681    -7.477486
    6.500000    -7.357206    -7.438651    -7.379406
    7.500000    -7.474865    -7.448576    -7.452048
    8.500000    -7.703615    -7.677346    -7.652256
    9.500000    -8.051067    -7.965284    -7.996780
   10.500000    -8.322514    -8.279423    -8.296628
   11.500000    -8.449349    -8.449349    -8.449349
   12.500000    -8.351265    -8.289778    -8.319272
   13.500000    -8.013967    -7.851897    -7.875870
   14.500000    -7.247147    -7.149145    -7.084598
   15.500000    -6.150369    -6.064291    -5.974606
   16.500000    -4.871594    -4.655845    -4.535677
   17.500000    -3.431038    -3.015160    -2.817109
   18.500000    -1.829553    -1.512865    -1.090617
   19.500000    -0.383701     0.032485     0.382031
   20.500000     0.623190     1.108414     1.456257
   21.500000     1.175735     1.748253     1.890611
   22.500000     1.046711     1.526538     1.827912
   23.500000     0.783581     1.213308     1.424398
   24.500000     0.174825     0.716685     1.101293
   25.500000    -0.134048     0.411594     1.043175
   26.500000    -0.398285     0.246650     0.677873
   27.500000    -0.494584     0.201440     0.925033
   28.500000    -0.694639     0.233002     0.887800
   29.500000    -0.441539     0.334849     0.919269
   30.500000    -0.487575     0.349062     0.956974
   31.500000    -0.317005     0.306662     1.148142
   32.500000    -0.499827     0.551791     1.264265
   33.500000    -0.462891     0.306662     1.280825
   34.500000    -0.288686     0.436064     1.334559
   35.500000    -0.498081     0.382540     1.358433
   36.500000    -0.412786     0.582875     1.403380
   37.500000    -0.452238     0.387359     1.382536
   38.500000    -0.273451     0.465745     1.510267
   39.500000    -0.211574     0.516004     1.389465
   40.500000    -0.138083     0.598562     1.406871
   41.500000    -0.261964     0.614348     1.284150
   42.500000    -0.305716     0.656932     1.341357
   43.500000    -0.318882     0.738770     1.277504
   44.500000    -0.391004     0.541514     1.368735
   45.500000    -0.369031     0.624926     1.379078
   46.500000    -0.346866     0.630232     1.274188
   47.500000    -0.484064     0.846398     1.244536
   48.500000    -0.462891     0.526177     1.208762
   49.500000    -0.331980     0.716685     1.157617
   50.500000    -0.356125     0.673088     1.331167
   51.500000    -0.518961     1.007710     1.396413
   52.500000    -0.459345     0.846398     1.208762
   53.500000    -0.434382     0.869655     1.431443
   54.500000    -0.301941     0.823355     1.327780
   55.500000    -0.423607     0.646218     1.406871
   56.500000    -0.254277     0.656932     1.392936
   57.500000    -0.324504     0.662306     1.314274
   58.500000    -0.263883     0.766650     1.247813
   59.500000    -0.201767     0.846398     1.123048
   60.500000    -0.221343     0.733230     1.307549
   61.500000    -0.211574     0.635550     1.070538
   62.500000    -0.211574     0.806209     1.317644
   63.500000    -0.043621     0.711194     1.372178
   64.500000     0.091778     0.922780     1.569183
   65.500000     0.485270     1.240229     2.167709
   66.500000     1.088989     1.893045     2.980099
   67.500000     2.236145     2.788876     3.833362
   68.500000     3.777235     3.558110     5.013384
   69.500000     5.616425     5.039561     6.997683
   70.500000     7.295171     7.026780     8.927762
   71.500000     9.061485     9.601739    10.780529
   72.500000    11.275774    13.004079    11.254494
   73.500000    14.044705    17.908530    14.836939
   74.500000    16.813635    17.908530    14.203529
