           z    400-600ns    600-800ns   800-1000ns
    0.500000    -8.434657    -8.068504    -8.480292
    1.500000    -8.386906    -8.046973    -8.418468
    2.500000    -8.251742    -7.941927    -8.246184
    3.500000    -8.022318    -7.750219    -8.093074
    4.500000    -7.751636    -7.530241    -7.816664
    5.500000    -7.513542    -7.362937    -7.583715
    6.500000    -7.400741    -7.288614    -7.516415
    7.500000    -7.509182    -7.370250    -7.539647
    8.500000    -7.757080    -7.627446    -7.744207
    9.500000    -8.024364    -8.007406    -7.983660
   10.500000    -8.314808    -8.320243    -8.308980
   11.500000    -8.449349    -8.449349    -8.449349
   12.500000    -8.342469    -8.347920    -8.337301
   13.500000    -7.944966    -7.904415    -8.007716
   14.500000    -7.166398    -7.196432    -7.276191
   15.500000    -6.087047    -6.208701    -6.293605
   16.500000    -4.702001    -4.944636    -4.958180
   17.500000    -3.072340    -3.291603    -3.294055
   18.500000    -1.278928    -1.609538    -1.865542
   19.500000     0.193495    -0.476052    -0.156869
   20.500000     1.302068     0.705861     1.397148
   21.500000     2.031340     0.731697     1.862166
   22.500000     2.045798     0.685948     1.844618
   23.500000     1.320123     0.144881     1.471446
   24.500000     0.818971    -0.248044     1.123375
   25.500000     0.334082    -0.635306     0.849793
   26.500000     0.271160    -0.842909     0.717790
   27.500000     0.089078    -0.785092     0.616413
   28.500000     0.179627    -0.852161     0.544927
   29.500000     0.219118    -0.762865     0.757238
   30.500000     0.093529    -0.832072     0.651569
   31.500000     0.179627    -0.853699     0.667962
   32.500000     0.290354    -0.762865     0.823417
   33.500000     0.058139    -0.856774     0.651569
   34.500000     0.263999    -0.899429     0.673450
   35.500000    -0.015454    -0.894893     0.743079
   36.500000     0.207439    -0.827413     0.689986
   37.500000    -0.004765    -0.876668     0.894376
   38.500000    -0.111720    -0.924979     0.876448
   39.500000    -0.119920    -0.960614     0.955075
   40.500000    -0.152454    -0.891865     0.838036
   41.500000    -0.146386    -0.944343     1.042587
   42.500000     0.136210    -0.905464     1.023577
   43.500000    -0.091103    -0.894893     1.126661
   44.500000    -0.072403    -1.048981     1.332102
   45.500000    -0.142332    -0.939888     1.254816
   46.500000    -0.109666    -0.938401     1.206839
   47.500000    -0.148410    -1.115015     1.227289
   48.500000     0.073561    -1.024664     1.360804
   49.500000     0.014589    -1.081512     1.456410
   50.500000    -0.011184    -0.908476     1.227289
   51.500000     0.047181    -0.967975     1.437741
   52.500000    -0.216290    -0.942859     1.415518
   53.500000    -0.188561    -0.950272     1.386190
   54.500000    -0.117872    -0.970913     1.300198
   55.500000    -0.186568    -0.997205     1.156430
   56.500000    -0.280470    -1.011695     1.237576
   57.500000    -0.295786    -1.041853     1.303723
   58.500000    -0.280470    -1.110852     1.307253
   59.500000    -0.204444    -1.000110     1.261744
   60.500000    -0.228082    -1.096923     1.241015
   61.500000    -0.402297    -1.088529     1.350002
   62.500000    -0.343057    -0.997205     1.296678
   63.500000    -0.150433    -0.878192     1.643047
   64.500000    -0.105552    -0.708054     1.687837
   65.500000     0.391084    -0.220509     2.073277
   66.500000     1.078422     0.200353     2.694408
   67.500000     1.909400     1.248711     3.224108
   68.500000     2.976369     2.378293     4.199242
   69.500000     5.194804     4.003512     5.550579
   70.500000     7.647283     6.502142     7.288087
   71.500000    10.601280     9.953782     9.336689
   72.500000    15.505730    13.504424    13.148999
   73.500000    16.793210    19.548053    14.075809
   74.500000    19.562140    19.548053    16.844739
