           z    400-600ns    600-800ns   800-1000ns
    0.500000    -8.110688    -8.356387    -8.095416
    1.500000    -8.091278    -8.315612    -8.062432
    2.500000    -7.971486    -8.158450    -7.953994
    3.500000    -7.761641    -8.002564    -7.760944
    4.500000    -7.537937    -7.761467    -7.562446
    5.500000    -7.330937    -7.575688    -7.338038
    6.500000    -7.235297    -7.490750    -7.250128
    7.500000    -7.335569    -7.557798    -7.299132
    8.500000    -7.567448    -7.733404    -7.543423
    9.500000    -7.911047    -8.021997    -7.944018
   10.500000    -8.215763    -8.319548    -8.260207
   11.500000    -8.449349    -8.449349    -8.449349
   12.500000    -8.322133    -8.372080    -8.386779
   13.500000    -7.887403    -8.038811    -8.035980
   14.500000    -7.110098    -7.384396    -7.284747
   15.500000    -6.084061    -6.339298    -6.283709
   16.500000    -4.781889    -5.023625    -4.939317
   17.500000    -3.322907    -3.551426    -3.406990
   18.500000    -1.686844    -1.960049    -1.789325
   19.500000    -0.150019    -0.594774    -0.263222
   20.500000     0.696070     0.407481     0.479453
   21.500000     0.927697     0.908898     0.516363
   22.500000     0.626017     0.680445     0.336992
   23.500000     0.309307     0.315120    -0.251499
   24.500000    -0.116597     0.132932    -0.529356
   25.500000    -0.281299    -0.310721    -0.776422
   26.500000    -0.406079    -0.459527    -0.829916
   27.500000    -0.399011    -0.557631    -0.829916
   28.500000    -0.292398    -0.465079    -0.659249
   29.500000    -0.268288    -0.316610    -0.750850
   30.500000    -0.258954    -0.391937    -0.595140
   31.500000    -0.301610    -0.304819    -0.550316
   32.500000    -0.192624    -0.220698    -0.518811
   33.500000    -0.285004    -0.334194    -0.662579
   34.500000    -0.399011    -0.340028    -0.608773
   35.500000    -0.272013    -0.420320    -0.622332
   36.500000    -0.366961    -0.409006    -0.591720
   37.500000    -0.420154    -0.374753    -0.715260
   38.500000    -0.467087    -0.546917    -0.757268
   39.500000    -0.467087    -0.403329    -0.927629
   40.500000    -0.314451    -0.414669    -0.692347
   41.500000    -0.374118    -0.481660    -0.845435
   42.500000    -0.258954    -0.536157    -0.876191
   43.500000    -0.465364    -0.536157    -0.933612
   44.500000    -0.273873    -0.589501    -0.915620
   45.500000    -0.270151    -0.631378    -0.817431
   46.500000    -0.238294    -0.536157    -0.900528
   47.500000    -0.341747    -0.652058    -1.087201
   48.500000    -0.084731    -0.557631    -0.936598
   49.500000    -0.312620    -0.536157    -1.061771
   50.500000    -0.144153    -0.610526    -1.033211
   51.500000    -0.148065    -0.733123    -1.001416
   52.500000    -0.294243    -0.657201    -1.104013
   53.500000    -0.348977    -0.752988    -1.047531
   54.500000    -0.341747    -0.723131    -1.056084
   55.500000    -0.275731    -0.636564    -1.092817
   56.500000    -0.407842    -0.626181    -1.175596
   57.500000    -0.399011    -0.723131    -1.087201
   58.500000    -0.497897    -0.718120    -1.175596
   59.500000    -0.578261    -0.743075    -1.106804
   60.500000    -0.472248    -0.584217    -1.092817
   61.500000    -0.463640    -0.568299    -1.131786
   62.500000    -0.377689    -0.713099    -1.010127
   63.500000    -0.230740    -0.641739    -1.033211
   64.500000    -0.136311    -0.334194    -0.909594
   65.500000     0.132842     0.063591    -0.529356
   66.500000     0.612766     0.805819    -0.039131
   67.500000     1.507763     1.766522     0.881532
   68.500000     3.071217     3.239920     1.832332
   69.500000     4.468555     4.702150     3.478416
   70.500000     6.971326     7.110411     5.835586
   71.500000    10.055716     9.563881     9.307765
   72.500000    14.745536    12.648272    12.890210
   73.500000    16.881056    13.935751    15.025730
   74.500000    19.649987    16.704681    17.794661
