           z         mean           se
    0.500000   -26.418514     0.000000
    1.500000   -26.327914     0.011771
    2.500000   -26.110981     0.014758
    3.500000   -25.750278     0.016309
    4.500000   -25.297912     0.029972
    5.500000   -24.843983     0.033638
    6.500000   -24.468374     0.043055
    7.500000   -24.194116     0.042898
    8.500000   -24.043244     0.051144
    9.500000   -23.948382     0.061984
   10.500000   -23.789955     0.069091
   11.500000   -23.449123     0.077614
   12.500000   -22.770390     0.084667
   13.500000   -21.728911     0.082732
   14.500000   -20.377217     0.112686
   15.500000   -18.662461     0.129764
   16.500000   -16.550958     0.207917
   17.500000   -14.081174     0.299059
   18.500000   -11.300199     0.335187
   19.500000    -8.373465     0.670326
   20.500000    -4.732699     1.168245
   21.500000    -1.662224     1.091495
   22.500000    -1.218636     0.997911
   23.500000    -1.278666     1.036282
   24.500000    -0.546870     1.037715
   25.500000    -0.239211     0.852157
   26.500000    -0.025779     0.938709
   27.500000     0.519160     0.640185
   28.500000     0.281880     0.861536
   29.500000     0.094517     1.041290
   30.500000     0.081179     1.054188
   31.500000     0.172813     0.965822
   32.500000     0.094517     1.041290
   33.500000     0.309907     0.834935
   34.500000     0.056270     1.078302
   35.500000     0.012251     1.121003
   36.500000    -0.059257     1.190574
   37.500000    -0.059257     1.190574
   38.500000    -0.043018     1.174754
   39.500000    -0.043018     1.174754
   40.500000    -0.074606     1.205536
   41.500000    -0.043018     1.174754
   42.500000    -0.043018     1.174754
   43.500000     0.012251     1.121003
   44.500000    -0.034531     1.166491
   45.500000     0.022624     1.110931
   46.500000    -0.016745     1.149184
   47.500000     0.012251     1.121003
   48.500000     0.056270     1.078302
   49.500000     0.108522     1.027760
   50.500000     0.081179     1.054188
   51.500000     0.081179     1.054188
   52.500000     0.033396     1.100478
   53.500000     0.056270     1.078302
   54.500000     0.138826     0.998528
   55.500000     0.094517     1.041290
   56.500000     0.108522     1.027760
   57.500000    -0.007409     1.140106
   58.500000    -0.089157     1.219730
   59.500000    -0.016745     1.149184
   60.500000    -0.089157     1.219730
   61.500000     0.002248     1.130720
   62.500000    -0.007409     1.140106
   63.500000     0.002248     1.130720
   64.500000     0.138826     0.998528
   65.500000     0.155304     0.982660
   66.500000     0.233053     0.908084
   67.500000     0.211501     0.928705
   68.500000     0.341055     0.805485
   69.500000     0.519160     0.640185
   70.500000     0.589539     0.576971
   71.500000     0.589539     0.576971
   72.500000     0.462963     0.691655
   73.500000     0.589539     0.576971
