           z         mean           se
    0.500000     0.000000     0.000000
    1.500000     0.090600     0.011771
    2.500000     0.307533     0.014758
    3.500000     0.668236     0.016309
    4.500000     1.120602     0.029972
    5.500000     1.574531     0.033638
    6.500000     1.950141     0.043055
    7.500000     2.224398     0.042898
    8.500000     2.375270     0.051144
    9.500000     2.470133     0.061984
   10.500000     2.628559     0.069091
   11.500000     2.969391     0.077614
   12.500000     3.648124     0.084667
   13.500000     4.689603     0.082732
   14.500000     6.041297     0.112686
   15.500000     7.756053     0.129764
   16.500000     9.867556     0.207917
   17.500000    12.337340     0.299059
   18.500000    15.118315     0.335187
   19.500000    18.045049     0.670326
   20.500000    21.685816     1.168245
   21.500000    24.756290     1.091495
   22.500000    25.199878     0.997911
   23.500000    25.139848     1.036282
   24.500000    25.871644     1.037715
   25.500000    26.179303     0.852157
   26.500000    26.392735     0.938709
   27.500000    26.937674     0.640185
   28.500000    26.700394     0.861536
   29.500000    26.513031     1.041290
   30.500000    26.499693     1.054188
   31.500000    26.591327     0.965822
   32.500000    26.513031     1.041290
   33.500000    26.728422     0.834935
   34.500000    26.474784     1.078302
   35.500000    26.430765     1.121003
   36.500000    26.359257     1.190574
   37.500000    26.359257     1.190574
   38.500000    26.375496     1.174754
   39.500000    26.375496     1.174754
   40.500000    26.343908     1.205536
   41.500000    26.375496     1.174754
   42.500000    26.375496     1.174754
   43.500000    26.430765     1.121003
   44.500000    26.383983     1.166491
   45.500000    26.441138     1.110931
   46.500000    26.401769     1.149184
   47.500000    26.430765     1.121003
   48.500000    26.474784     1.078302
   49.500000    26.527036     1.027760
   50.500000    26.499693     1.054188
   51.500000    26.499693     1.054188
   52.500000    26.451911     1.100478
   53.500000    26.474784     1.078302
   54.500000    26.557341     0.998528
   55.500000    26.513031     1.041290
   56.500000    26.527036     1.027760
   57.500000    26.411105     1.140106
   58.500000    26.329357     1.219730
   59.500000    26.401769     1.149184
   60.500000    26.329357     1.219730
   61.500000    26.420763     1.130720
   62.500000    26.411105     1.140106
   63.500000    26.420763     1.130720
   64.500000    26.557341     0.998528
   65.500000    26.573818     0.982660
   66.500000    26.651567     0.908084
   67.500000    26.630015     0.928705
   68.500000    26.759570     0.805485
   69.500000    26.937674     0.640185
   70.500000    27.008053     0.576971
   71.500000    27.008053     0.576971
   72.500000    26.881477     0.691655
   73.500000    27.008053     0.576971
