           z    400-600ns    600-800ns   800-1000ns
    0.500000   -26.418514   -26.418514   -26.418514
    1.500000   -26.331756   -26.396232   -26.342910
    2.500000   -26.058679   -26.168549   -26.175109
    3.500000   -25.708029   -25.770463   -25.846380
    4.500000   -25.173097   -25.283457   -25.448493
    5.500000   -24.806493   -24.815863   -25.018781
    6.500000   -24.417819   -24.474117   -24.654703
    7.500000   -24.101692   -24.242231   -24.325928
    8.500000   -23.928309   -24.121484   -24.133326
    9.500000   -23.776947   -24.050228   -24.061532
   10.500000   -23.603050   -23.872591   -23.857246
   11.500000   -23.299809   -23.527493   -23.469568
   12.500000   -22.725134   -22.982641   -22.702097
   13.500000   -21.741480   -21.937155   -21.751819
   14.500000   -20.458975   -20.693827   -20.241679
   15.500000   -18.770991   -18.798837   -18.451022
   16.500000   -16.192028   -16.581132   -16.335411
   17.500000   -13.761009   -14.057200   -14.010773
   18.500000   -10.957553   -11.452590   -11.606873
   19.500000    -8.604310    -8.800230    -9.997633
   20.500000    -4.457876    -5.348589    -8.196428
   21.500000    -2.470657     1.476751    -5.198213
   22.500000    -3.318698     1.476751    -5.198213
   23.500000    -4.878918     1.476751    -4.350172
   24.500000    -1.183178     1.476751    -4.350172
   25.500000     1.585753     1.476751    -3.062693
   26.500000     1.585753     1.476751    -3.062693
   27.500000     1.585753     1.476751    -0.293762
   28.500000     1.585753     1.476751    -0.293762
   29.500000     1.585753     1.476751    -0.293762
   30.500000     1.585753     1.476751    -0.293762
   31.500000     1.585753     1.476751    -0.293762
   32.500000     1.585753     1.476751    -0.293762
   33.500000     1.585753     1.476751    -0.293762
   34.500000     1.585753     1.476751    -0.293762
   35.500000     1.585753     1.476751    -0.293762
   36.500000     1.585753     1.476751    -0.293762
   37.500000     1.585753     1.476751    -0.293762
   38.500000     1.585753     1.476751    -0.293762
   39.500000     1.585753     1.476751    -0.293762
   40.500000     1.585753     1.476751    -0.293762
   41.500000     1.585753     1.476751    -0.293762
   42.500000     1.585753     1.476751    -0.293762
   43.500000     1.585753     1.476751    -0.293762
   44.500000     1.585753     1.476751    -0.293762
   45.500000     1.585753     1.476751    -0.293762
   46.500000     1.585753     1.476751    -0.293762
   47.500000     1.585753     1.476751    -0.293762
   48.500000     1.585753     1.476751    -0.293762
   49.500000     1.585753     1.476751    -0.293762
   50.500000     1.585753     1.476751    -0.293762
   51.500000     1.585753     1.476751    -0.293762
   52.500000     1.585753     1.476751    -0.293762
   53.500000     1.585753     1.476751    -0.293762
   54.500000     1.585753     1.476751    -0.293762
   55.500000     1.585753     1.476751    -0.293762
   56.500000     1.585753     1.476751    -0.293762
   57.500000     1.585753     1.476751    -0.293762
   58.500000     1.585753     1.476751    -0.293762
   59.500000     1.585753     1.476751    -0.293762
   60.500000     1.585753     1.476751    -0.293762
   61.500000     1.585753     1.476751    -0.293762
   62.500000     1.585753     1.476751    -0.293762
   63.500000     1.585753     1.476751    -0.293762
   64.500000     1.585753     1.476751    -0.293762
   65.500000     1.585753     1.476751    -0.293762
   66.500000     1.585753     1.476751    -0.293762
   67.500000     1.585753     1.476751    -0.293762
   68.500000     1.585753     1.476751    -0.293762
   69.500000     1.585753     1.476751    -0.293762
   70.500000     1.585753     1.476751    -0.293762
   71.500000     1.585753     1.476751    -0.293762
   72.500000     1.585753     1.476751    -0.293762
   73.500000     1.585753     1.476751    -0.293762
