           z    400-600ns    600-800ns   800-1000ns
    0.500000   -26.418514   -26.418514   -26.418514
    1.500000   -26.322628   -26.300737   -26.267525
    2.500000   -26.099145   -26.107458   -26.045490
    3.500000   -25.715765   -25.751305   -25.676246
    4.500000   -25.235505   -25.272490   -25.196728
    5.500000   -24.727056   -24.796720   -24.723192
    6.500000   -24.341947   -24.459035   -24.236608
    7.500000   -24.094338   -24.189620   -23.964074
    8.500000   -23.938490   -24.058986   -23.754469
    9.500000   -23.847554   -24.075790   -23.604523
   10.500000   -23.713369   -24.011575   -23.358747
   11.500000   -23.292807   -23.707163   -22.986860
   12.500000   -22.583891   -23.066291   -22.276177
   13.500000   -21.480529   -22.043915   -21.354389
   14.500000   -20.050913   -20.855659   -20.017565
   15.500000   -18.194094   -19.249856   -18.282900
   16.500000   -16.056612   -17.385156   -15.849723
   17.500000   -13.829403   -15.314935   -12.676667
   18.500000   -11.049369   -12.883361    -9.322040
   19.500000    -7.883560   -10.792549    -3.847192
   20.500000    -2.460282    -8.578261     1.690669
   21.500000     1.596128    -3.040400     1.690669
   22.500000     1.596128    -0.271469     1.690669
   23.500000     1.596128    -0.271469     1.690669
   24.500000     1.596128    -0.271469     1.690669
   25.500000     1.596128    -0.271469     1.690669
   26.500000     1.596128    -0.271469     1.690669
   27.500000     1.596128    -0.271469     1.690669
   28.500000     1.596128    -0.271469     1.690669
   29.500000     1.596128    -0.271469     1.690669
   30.500000     1.596128    -0.271469     1.690669
   31.500000     1.596128    -0.271469     1.690669
   32.500000     1.596128    -0.271469     1.690669
   33.500000     1.596128    -0.271469     1.690669
   34.500000     1.596128    -0.271469     1.690669
   35.500000     1.596128    -0.271469     1.690669
   36.500000     1.596128    -0.271469     1.690669
   37.500000     1.596128    -0.271469     1.690669
   38.500000     1.596128    -0.271469     1.690669
   39.500000     1.596128    -0.271469     1.690669
   40.500000     1.596128    -0.271469     1.690669
   41.500000     1.596128    -0.271469     1.690669
   42.500000     1.596128    -0.271469     1.690669
   43.500000     1.596128    -0.271469     1.690669
   44.500000     1.596128    -0.271469     1.690669
   45.500000     1.596128    -0.271469     1.690669
   46.500000     1.596128    -0.271469     1.690669
   47.500000     1.596128    -0.271469     1.690669
   48.500000     1.596128    -0.271469     1.690669
   49.500000     1.596128    -0.271469     1.690669
   50.500000     1.596128    -0.271469     1.690669
   51.500000     1.596128    -0.271469     1.690669
   52.500000     1.596128    -0.271469     1.690669
   53.500000     1.596128    -0.271469     1.690669
   54.500000     1.596128    -0.271469     1.690669
   55.500000     1.596128    -0.271469     1.690669
   56.500000     1.596128    -0.271469     1.690669
   57.500000     1.596128    -0.271469     1.690669
   58.500000     1.596128    -0.271469     1.690669
   59.500000     1.596128    -0.271469     1.690669
   60.500000     1.596128    -0.271469     1.690669
   61.500000     1.596128    -0.271469     1.690669
   62.500000     1.596128    -0.271469     1.690669
   63.500000     1.596128    -0.271469     1.690669
   64.500000     1.596128    -0.271469     1.690669
   65.500000     1.596128    -0.271469     1.690669
   66.500000     1.596128    -0.271469     1.690669
   67.500000     1.596128    -0.271469     1.690669
   68.500000     1.596128    -0.271469     1.690669
   69.500000     1.596128    -0.271469     1.690669
   70.500000     1.596128    -0.271469     1.690669
   71.500000     1.596128    -0.271469     1.690669
   72.500000     1.596128    -0.271469     1.690669
   73.500000     1.596128    -0.271469     1.690669
