           z    400-600ns    600-800ns   800-1000ns
    0.500000   -26.418514   -26.418514   -26.418514
    1.500000   -26.310079   -26.345158   -26.334205
    2.500000   -26.088950   -26.123777   -26.131675
    3.500000   -25.749858   -25.782660   -25.751794
    4.500000   -25.381164   -25.349840   -25.340435
    5.500000   -24.966495   -24.840664   -24.900584
    6.500000   -24.622634   -24.502274   -24.506226
    7.500000   -24.390555   -24.246819   -24.191791
    8.500000   -24.294553   -24.094740   -24.064842
    9.500000   -24.219104   -24.005211   -23.894545
   10.500000   -23.999845   -23.901433   -23.791741
   11.500000   -23.744979   -23.561458   -23.451974
   12.500000   -23.075573   -22.713610   -22.808099
   13.500000   -22.043780   -21.511341   -21.695788
   14.500000   -20.819393   -20.078662   -20.178280
   15.500000   -19.261947   -18.483299   -18.469201
   16.500000   -17.740824   -16.253669   -16.564069
   17.500000   -15.618784   -13.444942   -14.016854
   18.500000   -12.379132   -10.856577   -11.194296
   19.500000    -9.794702    -7.454236    -8.186773
   20.500000    -8.077180    -1.262306    -5.904034
   21.500000    -6.500158     1.506624    -4.020763
   22.500000    -5.062163     1.506624    -3.387353
   23.500000    -5.738293     1.506624    -2.539312
   24.500000    -6.904284     1.506624     1.517097
   25.500000    -5.422833     1.506624    -1.251833
   26.500000    -6.270874     1.506624     1.517097
   27.500000    -4.135353     1.506624     1.517097
   28.500000    -6.270874     1.506624     1.517097
   29.500000    -7.957139     1.506624     1.517097
   30.500000    -8.077180     1.506624     1.517097
   31.500000    -7.252477     1.506624     1.517097
   32.500000    -7.957139     1.506624     1.517097
   33.500000    -6.018624     1.506624     1.517097
   34.500000    -8.301363     1.506624     1.517097
   35.500000    -8.697531     1.506624     1.517097
   36.500000    -9.341104     1.506624     1.517097
   37.500000    -9.341104     1.506624     1.517097
   38.500000    -9.194954     1.506624     1.517097
   39.500000    -9.194954     1.506624     1.517097
   40.500000    -9.479243     1.506624     1.517097
   41.500000    -9.194954     1.506624     1.517097
   42.500000    -9.194954     1.506624     1.517097
   43.500000    -8.697531     1.506624     1.517097
   44.500000    -9.118573     1.506624     1.517097
   45.500000    -8.604173     1.506624     1.517097
   46.500000    -8.958494     1.506624     1.517097
   47.500000    -8.697531     1.506624     1.517097
   48.500000    -8.301363     1.506624     1.517097
   49.500000    -7.831093     1.506624     1.517097
   50.500000    -8.077180     1.506624     1.517097
   51.500000    -8.077180     1.506624     1.517097
   52.500000    -8.507223     1.506624     1.517097
   53.500000    -8.301363     1.506624     1.517097
   54.500000    -7.558353     1.506624     1.517097
   55.500000    -7.957139     1.506624     1.517097
   56.500000    -7.831093     1.506624     1.517097
   57.500000    -8.874474     1.506624     1.517097
   58.500000    -9.610201     1.506624     1.517097
   59.500000    -8.958494     1.506624     1.517097
   60.500000    -9.610201     1.506624     1.517097
   61.500000    -8.787555     1.506624     1.517097
   62.500000    -8.874474     1.506624     1.517097
   63.500000    -8.787555     1.506624     1.517097
   64.500000    -7.558353     1.506624     1.517097
   65.500000    -7.410052     1.506624     1.517097
   66.500000    -6.710312     1.506624     1.517097
   67.500000    -6.904284     1.506624     1.517097
   68.500000    -5.738293     1.506624     1.517097
   69.500000    -4.135353     1.506624     1.517097
   70.500000    -3.501943     1.506624     1.517097
   71.500000    -3.501943     1.506624     1.517097
   72.500000    -4.641122     1.506624     1.517097
   73.500000    -3.501943     1.506624     1.517097
