           z         mean           se
    0.500000     0.000000     0.000000
    1.500000     0.075960     0.008127
    2.500000     0.241975     0.007449
    3.500000     0.485906     0.015001
    4.500000     0.774810     0.023856
    5.500000     1.061081     0.033882
    6.500000     1.249298     0.046810
    7.500000     1.290944     0.052867
    8.500000     1.167772     0.054250
    9.500000     1.036738     0.056134
   10.500000     1.079953     0.069009
   11.500000     1.370377     0.066211
   12.500000     1.967528     0.062694
   13.500000     2.939850     0.073981
   14.500000     4.330997     0.080793
   15.500000     6.065912     0.098959
   16.500000     8.129294     0.108290
   17.500000    10.354345     0.099641
   18.500000    13.091184     0.159646
   19.500000    15.974396     0.326080
   20.500000    19.507339     1.064486
   21.500000    21.818026     0.890548
   22.500000    24.412915     0.997033
   23.500000    25.283639     1.057779
   24.500000    25.568425     1.089977
   25.500000    25.371582     1.275551
   26.500000    25.366196     1.280676
   27.500000    25.377073     1.270329
   28.500000    25.400182     1.248374
   29.500000    25.406270     1.242597
   30.500000    25.453053     1.198308
   31.500000    25.432040     1.218178
   32.500000    25.492010     1.161576
   33.500000    25.453053     1.198308
   34.500000    25.483773     1.169331
   35.500000    25.425372     1.224491
   36.500000    25.438870     1.211715
   37.500000    25.483773     1.169331
   38.500000    25.432040     1.218178
   39.500000    25.518284     1.136888
   40.500000    25.453053     1.198308
   41.500000    25.527619     1.128132
   42.500000    25.500497     1.153594
   43.500000    25.509249     1.145369
   44.500000    25.643550     1.020266
   45.500000    25.629545     1.033204
   46.500000    25.690333     0.977261
   47.500000    25.816908     0.862879
   48.500000    25.658293     1.006678
   49.500000    25.726518     0.944245
   50.500000    25.673855     0.992370
   51.500000    25.643550     1.020266
   52.500000    25.658293     1.006678
   53.500000    25.537277     1.119085
   54.500000    25.707841     0.961257
   55.500000    25.768082     0.906618
   56.500000    25.603476     1.057360
   57.500000    25.816908     0.862879
   58.500000    25.768082     0.906618
   59.500000    25.791432     0.885634
   60.500000    25.791432     0.885634
   61.500000    25.603476     1.057360
   62.500000    25.673855     0.992370
   63.500000    25.629545     1.033204
   64.500000    25.568425     1.089977
   65.500000    25.690333     0.977261
   66.500000    25.643550     1.020266
   67.500000    25.707841     0.961257
   68.500000    25.911135     0.780178
   69.500000    25.690333     0.977261
   70.500000    25.876084     0.810648
   71.500000    26.124567     0.605440
