           z         mean           se
    0.500000   -25.615557     0.000000
    1.500000   -25.539597     0.008127
    2.500000   -25.373581     0.007449
    3.500000   -25.129650     0.015001
    4.500000   -24.840747     0.023856
    5.500000   -24.554476     0.033882
    6.500000   -24.366258     0.046810
    7.500000   -24.324612     0.052867
    8.500000   -24.447784     0.054250
    9.500000   -24.578818     0.056134
   10.500000   -24.535604     0.069009
   11.500000   -24.245180     0.066211
   12.500000   -23.648029     0.062694
   13.500000   -22.675706     0.073981
   14.500000   -21.284560     0.080793
   15.500000   -19.549645     0.098959
   16.500000   -17.486262     0.108290
   17.500000   -15.261211     0.099641
   18.500000   -12.524373     0.159646
   19.500000    -9.641160     0.326080
   20.500000    -6.108218     1.064486
   21.500000    -3.797531     0.890548
   22.500000    -1.202642     0.997033
   23.500000    -0.331917     1.057779
   24.500000    -0.047132     1.089977
   25.500000    -0.243975     1.275551
   26.500000    -0.249361     1.280676
   27.500000    -0.238484     1.270329
   28.500000    -0.215374     1.248374
   29.500000    -0.209286     1.242597
   30.500000    -0.162504     1.198308
   31.500000    -0.183517     1.218178
   32.500000    -0.123546     1.161576
   33.500000    -0.162504     1.198308
   34.500000    -0.131783     1.169331
   35.500000    -0.190185     1.224491
   36.500000    -0.176686     1.211715
   37.500000    -0.131783     1.169331
   38.500000    -0.183517     1.218178
   39.500000    -0.097273     1.136888
   40.500000    -0.162504     1.198308
   41.500000    -0.087937     1.128132
   42.500000    -0.115059     1.153594
   43.500000    -0.106307     1.145369
   44.500000     0.027994     1.020266
   45.500000     0.013989     1.033204
   46.500000     0.074776     0.977261
   47.500000     0.201352     0.862879
   48.500000     0.042736     1.006678
   49.500000     0.110961     0.944245
   50.500000     0.058298     0.992370
   51.500000     0.027994     1.020266
   52.500000     0.042736     1.006678
   53.500000    -0.078280     1.119085
   54.500000     0.092285     0.961257
   55.500000     0.152525     0.906618
   56.500000    -0.012081     1.057360
   57.500000     0.201352     0.862879
   58.500000     0.152525     0.906618
   59.500000     0.175876     0.885634
   60.500000     0.175876     0.885634
   61.500000    -0.012081     1.057360
   62.500000     0.058298     0.992370
   63.500000     0.013989     1.033204
   64.500000    -0.047132     1.089977
   65.500000     0.074776     0.977261
   66.500000     0.027994     1.020266
   67.500000     0.092285     0.961257
   68.500000     0.295578     0.780178
   69.500000     0.074776     0.977261
   70.500000     0.260527     0.810648
   71.500000     0.509011     0.605440
