           z    400-600ns    600-800ns   800-1000ns
    0.500000   -25.615557   -25.615557   -25.615557
    1.500000   -25.549620   -25.511490   -25.571997
    2.500000   -25.356945   -25.352893   -25.399968
    3.500000   -25.102390   -25.056161   -25.197730
    4.500000   -24.813838   -24.752191   -24.926377
    5.500000   -24.549444   -24.457336   -24.704896
    6.500000   -24.337985   -24.253676   -24.581331
    7.500000   -24.339483   -24.198143   -24.592264
    8.500000   -24.439624   -24.265360   -24.724609
    9.500000   -24.575789   -24.489986   -24.894562
   10.500000   -24.616661   -24.402429   -24.891430
   11.500000   -24.314066   -24.074604   -24.480909
   12.500000   -23.665170   -23.455673   -23.850372
   13.500000   -22.694621   -22.407517   -22.979967
   14.500000   -21.325963   -20.899160   -21.626543
   15.500000   -19.569319   -19.048621   -19.967241
   16.500000   -17.424210   -17.008824   -17.738204
   17.500000   -15.093373   -15.245699   -15.325071
   18.500000   -12.005067   -12.470880   -12.419342
   19.500000    -8.338763   -10.393637    -8.402781
   20.500000    -6.638874    -7.036968     1.506950
   21.500000    -4.375711    -5.897789    -1.261981
   22.500000     1.667918    -0.993339     1.506950
   23.500000     1.667918     1.775592     1.506950
   24.500000     1.667918     1.775592     1.506950
   25.500000     1.667918     1.775592     1.506950
   26.500000     1.667918     1.775592     1.506950
   27.500000     1.667918     1.775592     1.506950
   28.500000     1.667918     1.775592     1.506950
   29.500000     1.667918     1.775592     1.506950
   30.500000     1.667918     1.775592     1.506950
   31.500000     1.667918     1.775592     1.506950
   32.500000     1.667918     1.775592     1.506950
   33.500000     1.667918     1.775592     1.506950
   34.500000     1.667918     1.775592     1.506950
   35.500000     1.667918     1.775592     1.506950
   36.500000     1.667918     1.775592     1.506950
   37.500000     1.667918     1.775592     1.506950
   38.500000     1.667918     1.775592     1.506950
   39.500000     1.667918     1.775592     1.506950
   40.500000     1.667918     1.775592     1.506950
   41.500000     1.667918     1.775592     1.506950
   42.500000     1.667918     1.775592     1.506950
   43.500000     1.667918     1.775592     1.506950
   44.500000     1.667918     1.775592     1.506950
   45.500000     1.667918     1.775592     1.506950
   46.500000     1.667918     1.775592     1.506950
   47.500000     1.667918     1.775592     1.506950
   48.500000     1.667918     1.775592     1.506950
   49.500000     1.667918     1.775592     1.506950
   50.500000     1.667918     1.775592     1.506950
   51.500000     1.667918     1.775592     1.506950
   52.500000     1.667918     1.775592     1.506950
   53.500000     1.667918     1.775592     1.506950
   54.500000     1.667918     1.775592     1.506950
   55.500000     1.667918     1.775592     1.506950
   56.500000     1.667918     1.775592     1.506950
   57.500000     1.667918     1.775592     1.506950
   58.500000     1.667918     1.775592     1.506950
   59.500000     1.667918     1.775592     1.506950
   60.500000     1.667918     1.775592     1.506950
   61.500000     1.667918     1.775592     1.506950
   62.500000     1.667918     1.775592     1.506950
   63.500000     1.667918     1.775592     1.506950
   64.500000     1.667918     1.775592     1.506950
   65.500000     1.667918     1.775592     1.506950
   66.500000     1.667918     1.775592     1.506950
   67.500000     1.667918     1.775592     1.506950
   68.500000     1.667918     1.775592     1.506950
   69.500000     1.667918     1.775592     1.506950
   70.500000     1.667918     1.775592     1.506950
   71.500000     1.667918     1.775592     1.506950
