           z    400-600ns    600-800ns   800-1000ns
    0.500000   -25.615557   -25.615557   -25.615557
    1.500000   -25.570582   -25.553018   -25.502989
    2.500000   -25.376927   -25.387188   -25.346585
    3.500000   -25.110269   -25.156260   -25.095373
    4.500000   -24.769244   -24.922643   -24.776776
    5.500000   -24.413893   -24.675711   -24.475246
    6.500000   -24.182272   -24.584875   -24.297425
    7.500000   -24.141569   -24.568414   -24.234404
    8.500000   -24.300742   -24.711607   -24.382801
    9.500000   -24.378046   -24.798508   -24.447089
   10.500000   -24.282059   -24.775497   -24.357459
   11.500000   -24.005734   -24.596110   -24.112859
   12.500000   -23.473463   -24.022205   -23.557480
   13.500000   -22.489730   -23.069840   -22.539588
   14.500000   -21.108783   -21.678937   -21.192946
   15.500000   -19.427818   -20.027179   -19.479946
   16.500000   -17.608745   -18.106010   -17.563837
   17.500000   -15.280266   -15.945127   -15.349902
   18.500000   -12.816880   -13.443975   -13.027527
   19.500000   -10.311186   -10.929203   -10.315718
   20.500000    -7.324846    -9.748235    -7.231328
   21.500000    -0.992858    -5.633209    -7.231328
   22.500000    -0.992858    -4.030270    -7.504068
   23.500000     1.776072    -1.261339    -7.974337
   24.500000     1.776072     1.507591    -8.180198
   25.500000     1.776072     1.507591    -9.951788
   26.500000     1.776072     1.507591   -10.000258
   27.500000     1.776072     1.507591    -9.902367
   28.500000     1.776072     1.507591    -9.694382
   29.500000     1.776072     1.507591    -9.639589
   30.500000     1.776072     1.507591    -9.218547
   31.500000     1.776072     1.507591    -9.407665
   32.500000     1.776072     1.507591    -8.867929
   33.500000     1.776072     1.507591    -9.218547
   34.500000     1.776072     1.507591    -8.942063
   35.500000     1.776072     1.507591    -9.467677
   36.500000     1.776072     1.507591    -9.346189
   37.500000     1.776072     1.507591    -8.942063
   38.500000     1.776072     1.507591    -9.407665
   39.500000     1.776072     1.507591    -8.631469
   40.500000     1.776072     1.507591    -9.218547
   41.500000     1.776072     1.507591    -8.547448
   42.500000     1.776072     1.507591    -8.791548
   43.500000     1.776072     1.507591    -8.712779
   44.500000     1.776072     1.507591    -7.504068
   45.500000     1.776072     1.507591    -7.630114
   46.500000     1.776072     1.507591    -7.083027
   47.500000     1.776072     1.507591    -5.943849
   48.500000     1.776072     1.507591    -7.371386
   49.500000     1.776072     1.507591    -6.757363
   50.500000     1.776072     1.507591    -7.231328
   51.500000     1.776072     1.507591    -7.504068
   52.500000     1.776072     1.507591    -7.371386
   53.500000     1.776072     1.507591    -8.460530
   54.500000     1.776072     1.507591    -6.925451
   55.500000     1.776072     1.507591    -6.383287
   56.500000     1.776072     1.507591    -7.864738
   57.500000     1.776072     1.507591    -5.943849
   58.500000     1.776072     1.507591    -6.383287
   59.500000     1.776072     1.507591    -6.173133
   60.500000     1.776072     1.507591    -6.173133
   61.500000     1.776072     1.507591    -7.864738
   62.500000     1.776072     1.507591    -7.231328
   63.500000     1.776072     1.507591    -7.630114
   64.500000     1.776072     1.507591    -8.180198
   65.500000     1.776072     1.507591    -7.083027
   66.500000     1.776072     1.507591    -7.504068
   67.500000     1.776072     1.507591    -6.925451
   68.500000     1.776072     1.507591    -5.095808
   69.500000     1.776072     1.507591    -7.083027
   70.500000     1.776072     1.507591    -5.411267
   71.500000     1.776072     1.507591    -3.174918
