           z    400-600ns    600-800ns   800-1000ns
    0.500000   -25.615557   -25.615557   -25.615557
    1.500000   -25.533987   -25.522187   -25.540502
    2.500000   -25.409196   -25.378367   -25.354162
    3.500000   -25.185737   -25.133946   -25.128987
    4.500000   -24.934054   -24.821462   -24.850135
    5.500000   -24.646584   -24.518199   -24.548970
    6.500000   -24.415966   -24.270615   -24.372178
    7.500000   -24.307186   -24.215081   -24.324969
    8.500000   -24.395434   -24.399107   -24.410774
    9.500000   -24.567604   -24.464679   -24.593101
   10.500000   -24.548890   -24.349752   -24.596256
   11.500000   -24.230103   -24.088420   -24.303813
   12.500000   -23.634078   -23.490946   -23.682873
   13.500000   -22.732983   -22.567913   -22.599198
   14.500000   -21.204837   -21.244858   -21.279009
   15.500000   -19.569910   -19.398907   -19.457862
   16.500000   -17.466378   -17.151690   -17.308465
   17.500000   -15.228201   -14.918945   -14.964319
   18.500000   -12.190611   -12.108864   -12.236206
   19.500000    -8.943421    -8.935808   -10.199926
   20.500000    -5.171299    -5.089552    -8.239808
   21.500000    -1.114890    -1.033143    -6.636869
   22.500000     1.654041    -1.033143    -1.099008
   23.500000     1.654041    -1.033143    -1.099008
   24.500000     1.654041    -1.033143    -1.099008
   25.500000     1.654041    -1.033143    -1.099008
   26.500000     1.654041    -1.033143    -1.099008
   27.500000     1.654041    -1.033143    -1.099008
   28.500000     1.654041    -1.033143    -1.099008
   29.500000     1.654041    -1.033143    -1.099008
   30.500000     1.654041    -1.033143    -1.099008
   31.500000     1.654041    -1.033143    -1.099008
   32.500000     1.654041    -1.033143    -1.099008
   33.500000     1.654041    -1.033143    -1.099008
   34.500000     1.654041    -1.033143    -1.099008
   35.500000     1.654041    -1.033143    -1.099008
   36.500000     1.654041    -1.033143    -1.099008
   37.500000     1.654041    -1.033143    -1.099008
   38.500000     1.654041    -1.033143    -1.099008
   39.500000     1.654041    -1.033143    -1.099008
   40.500000     1.654041    -1.033143    -1.099008
   41.500000     1.654041    -1.033143    -1.099008
   42.500000     1.654041    -1.033143    -1.099008
   43.500000     1.654041    -1.033143    -1.099008
   44.500000     1.654041    -1.033143    -1.099008
   45.500000     1.654041    -1.033143    -1.099008
   46.500000     1.654041    -1.033143    -1.099008
   47.500000     1.654041    -1.033143    -1.099008
   48.500000     1.654041    -1.033143    -1.099008
   49.500000     1.654041    -1.033143    -1.099008
   50.500000     1.654041    -1.033143    -1.099008
   51.500000     1.654041    -1.033143    -1.099008
   52.500000     1.654041    -1.033143    -1.099008
   53.500000     1.654041    -1.033143    -1.099008
   54.500000     1.654041    -1.033143    -1.099008
   55.500000     1.654041    -1.033143    -1.099008
   56.500000     1.654041    -1.033143    -1.099008
   57.500000     1.654041    -1.033143    -1.099008
   58.500000     1.654041    -1.033143    -1.099008
   59.500000     1.654041    -1.033143    -1.099008
   60.500000     1.654041    -1.033143    -1.099008
   61.500000     1.654041    -1.033143    -1.099008
   62.500000     1.654041    -1.033143    -1.099008
   63.500000     1.654041    -1.033143    -1.099008
   64.500000     1.654041    -1.033143    -1.099008
   65.500000     1.654041    -1.033143    -1.099008
   66.500000     1.654041    -1.033143    -1.099008
   67.500000     1.654041    -1.033143    -1.099008
   68.500000     1.654041    -1.033143    -1.099008
   69.500000     1.654041    -1.033143    -1.099008
   70.500000     1.654041    -1.033143    -1.099008
   71.500000     1.654041    -1.033143    -1.099008
