           z         mean           se
    0.500000   -23.266637     0.000000
    1.500000   -23.226623     0.009718
    2.500000   -23.122761     0.013303
    3.500000   -22.952859     0.018190
    4.500000   -22.754207     0.024191
    5.500000   -22.543353     0.026353
    6.500000   -22.444872     0.032301
    7.500000   -22.551230     0.032588
    8.500000   -22.805467     0.044239
    9.500000   -23.072249     0.049272
   10.500000   -23.158317     0.059445
   11.500000   -22.937758     0.062503
   12.500000   -22.330794     0.071454
   13.500000   -21.340608     0.087072
   14.500000   -19.998128     0.108962
   15.500000   -18.323050     0.123528
   16.500000   -16.305198     0.140758
   17.500000   -14.073836     0.161845
   18.500000   -11.624527     0.206313
   19.500000    -9.326709     0.285552
   20.500000    -7.353567     0.524078
   21.500000    -5.649727     0.985823
   22.500000    -3.348627     1.500302
   23.500000    -2.666288     1.481810
   24.500000    -1.808098     1.801167
   25.500000    -1.502007     1.895626
   26.500000    -1.251746     2.050472
   27.500000    -1.049717     2.004377
   28.500000    -1.494457     2.107626
   29.500000    -1.079577     2.017183
   30.500000    -0.977124     1.962736
   31.500000    -1.042555     1.965456
   32.500000    -0.937121     1.957325
   33.500000    -1.057888     1.960409
   34.500000    -0.722621     1.936719
   35.500000    -1.047686     1.983958
   36.500000    -0.719217     1.937801
   37.500000    -0.524129     1.918629
   38.500000    -0.534167     1.950372
   39.500000    -0.482777     1.902932
   40.500000    -0.333533     1.920443
   41.500000     0.242035     1.899166
   42.500000     0.433036     1.874624
   43.500000     0.141886     1.938533
   44.500000     0.127933     1.946871
   45.500000     0.151016     2.019555
   46.500000    -0.126353     2.005428
   47.500000    -0.194759     2.001271
   48.500000    -0.322216     2.044960
   49.500000    -0.119044     1.990729
   50.500000     0.083886     1.891296
   51.500000     0.210551     1.895938
   52.500000     0.329295     1.832762
   53.500000     0.786201     1.863078
   54.500000     0.578219     1.969874
   55.500000     0.715856     1.911556
   56.500000     0.606883     1.953541
   57.500000     0.787339     1.856930
   58.500000     0.681467     1.912281
   59.500000     0.803994     1.834141
   60.500000     0.728924     1.868608
   61.500000     0.881911     1.774942
   62.500000     0.775732     1.834173
   63.500000     0.821234     1.809385
   64.500000     0.896984     1.776438
   65.500000     0.975993     1.743255
   66.500000     0.947720     1.730234
   67.500000     1.296123     1.536510
   68.500000     1.410896     1.499212
   69.500000     1.329733     1.494135
   70.500000     1.499417     1.364955
   71.500000     1.764378     1.216252
   72.500000     2.369693     0.851692
   73.500000     2.677352     0.837877
   74.500000     3.194264     0.321959
