           z         mean           se
    0.500000     0.000000     0.000000
    1.500000     0.040014     0.009718
    2.500000     0.143876     0.013303
    3.500000     0.313778     0.018190
    4.500000     0.512430     0.024191
    5.500000     0.723284     0.026353
    6.500000     0.821765     0.032301
    7.500000     0.715408     0.032588
    8.500000     0.461170     0.044239
    9.500000     0.194388     0.049272
   10.500000     0.108320     0.059445
   11.500000     0.328879     0.062503
   12.500000     0.935843     0.071454
   13.500000     1.926029     0.087072
   14.500000     3.268509     0.108962
   15.500000     4.943587     0.123528
   16.500000     6.961439     0.140758
   17.500000     9.192801     0.161845
   18.500000    11.642111     0.206313
   19.500000    13.939928     0.285552
   20.500000    15.913070     0.524078
   21.500000    17.616910     0.985823
   22.500000    19.918010     1.500302
   23.500000    20.600350     1.481810
   24.500000    21.458539     1.801167
   25.500000    21.764630     1.895626
   26.500000    22.014891     2.050472
   27.500000    22.216920     2.004377
   28.500000    21.772180     2.107626
   29.500000    22.187060     2.017183
   30.500000    22.289513     1.962736
   31.500000    22.224082     1.965456
   32.500000    22.329516     1.957325
   33.500000    22.208749     1.960409
   34.500000    22.544016     1.936719
   35.500000    22.218951     1.983958
   36.500000    22.547420     1.937801
   37.500000    22.742509     1.918629
   38.500000    22.732470     1.950372
   39.500000    22.783860     1.902932
   40.500000    22.933105     1.920443
   41.500000    23.508672     1.899166
   42.500000    23.699673     1.874624
   43.500000    23.408523     1.938533
   44.500000    23.394570     1.946871
   45.500000    23.417653     2.019555
   46.500000    23.140284     2.005428
   47.500000    23.071878     2.001271
   48.500000    22.944421     2.044960
   49.500000    23.147593     1.990729
   50.500000    23.350524     1.891296
   51.500000    23.477188     1.895938
   52.500000    23.595932     1.832762
   53.500000    24.052838     1.863078
   54.500000    23.844856     1.969874
   55.500000    23.982494     1.911556
   56.500000    23.873520     1.953541
   57.500000    24.053976     1.856930
   58.500000    23.948105     1.912281
   59.500000    24.070631     1.834141
   60.500000    23.995561     1.868608
   61.500000    24.148548     1.774942
   62.500000    24.042369     1.834173
   63.500000    24.087871     1.809385
   64.500000    24.163621     1.776438
   65.500000    24.242630     1.743255
   66.500000    24.214357     1.730234
   67.500000    24.562760     1.536510
   68.500000    24.677533     1.499212
   69.500000    24.596370     1.494135
   70.500000    24.766054     1.364955
   71.500000    25.031015     1.216252
   72.500000    25.636331     0.851692
   73.500000    25.943990     0.837877
   74.500000    26.460901     0.321959
