           z    400-600ns    600-800ns   800-1000ns
    0.500000   -23.266637   -23.266637   -23.266637
    1.500000   -23.243738   -23.237009   -23.204391
    2.500000   -23.073193   -23.136873   -23.133329
    3.500000   -22.880283   -22.969337   -22.997876
    4.500000   -22.709043   -22.833450   -22.840518
    5.500000   -22.518603   -22.579134   -22.658412
    6.500000   -22.423790   -22.484048   -22.616493
    7.500000   -22.529607   -22.587736   -22.758238
    8.500000   -22.786296   -22.851170   -23.042347
    9.500000   -23.052923   -23.178996   -23.335245
   10.500000   -23.131964   -23.244512   -23.515598
   11.500000   -22.933606   -22.975457   -23.306256
   12.500000   -22.379022   -22.266610   -22.762279
   13.500000   -21.538329   -21.244726   -21.835326
   14.500000   -20.359248   -19.909971   -20.537716
   15.500000   -18.702936   -18.376994   -18.832340
   16.500000   -16.594935   -16.439068   -16.725586
   17.500000   -13.987028   -14.609920   -14.181930
   18.500000   -11.805308   -12.528835   -11.303725
   19.500000   -10.444235    -9.777377    -8.504151
   20.500000    -9.701818    -8.383199    -5.781047
   21.500000    -8.848201    -8.337372    -3.820929
   22.500000    -9.673814    -6.107621    -1.584579
   23.500000   -10.756032    -2.556979     0.550941
   24.500000   -11.980405     0.717719     3.319871
   25.500000   -12.452113     3.486650     3.319871
   26.500000   -12.701243     3.486650     3.319871
   27.500000   -12.784570     3.486650     3.319871
   28.500000   -13.011715     3.486650     3.319871
   29.500000   -12.989144     3.486650     3.319871
   30.500000   -12.470749     3.486650     3.319871
   31.500000   -12.606286     3.486650     3.319871
   32.500000   -12.606286     3.486650     3.319871
   33.500000   -12.516742     3.486650     3.319871
   34.500000   -12.809040     3.486650     3.319871
   35.500000   -12.857278     3.486650     3.319871
   36.500000   -12.784570     3.486650     3.319871
   37.500000   -12.543941     3.486650     3.319871
   38.500000   -12.809040     3.486650     3.319871
   39.500000   -12.552942     3.486650     3.319871
   40.500000   -12.534907     3.486650     3.319871
   41.500000   -12.287892     3.486650     3.319871
   42.500000   -12.217033     3.486650     3.319871
   43.500000   -12.186044     3.486650     3.319871
   44.500000   -12.237483     3.486650     3.319871
   45.500000   -12.675699     3.486650     3.319871
   46.500000   -12.347082     3.486650     3.319871
   47.500000   -12.267849     3.486650     3.319871
   48.500000   -12.452113     3.486650     3.319871
   49.500000   -11.969103     3.486650     3.319871
   50.500000   -11.817367     3.486650     3.319871
   51.500000   -11.888536     3.486650     3.319871
   52.500000   -11.617132     3.486650     3.319871
   53.500000   -11.681431     3.486650     3.319871
   54.500000   -11.900204     3.486650     3.319871
   55.500000   -12.079907     3.486650     3.319871
   56.500000   -11.841314     3.486650     3.319871
   57.500000   -11.551149     3.486650     3.319871
   58.500000   -11.706698     3.486650     3.319871
   59.500000   -11.177073     3.486650     3.319871
   60.500000   -11.114256     3.486650     3.319871
   61.500000   -10.585414     3.486650     3.319871
   62.500000   -10.774295     3.486650     3.319871
   63.500000   -10.719102     3.486650     3.319871
   64.500000   -10.810431     3.486650     3.319871
   65.500000   -10.846055     3.486650     3.319871
   66.500000   -10.227760     3.486650     3.319871
   67.500000    -9.310977     3.486650     3.319871
   68.500000    -9.375194     3.486650     3.319871
   69.500000    -8.728160     3.486650     3.319871
   70.500000    -7.481333     3.486650     3.319871
   71.500000    -6.699622     3.486650     3.319871
   72.500000    -4.020715     3.486650     3.319871
   73.500000    -4.020715     3.486650     3.319871
   74.500000     0.631487     3.486650     3.319871
