           z    400-600ns    600-800ns   800-1000ns
    0.500000   -23.266637   -23.266637   -23.266637
    1.500000   -23.208255   -23.245288   -23.162755
    2.500000   -23.075481   -23.137486   -23.073792
    3.500000   -22.893880   -22.985034   -22.889504
    4.500000   -22.696694   -22.817547   -22.661797
    5.500000   -22.452523   -22.598571   -22.478600
    6.500000   -22.358044   -22.468899   -22.355692
    7.500000   -22.516929   -22.470843   -22.482728
    8.500000   -22.722550   -22.620643   -22.766383
    9.500000   -22.925227   -22.887970   -23.029432
   10.500000   -23.013613   -22.911875   -23.115973
   11.500000   -22.811435   -22.630239   -22.933891
   12.500000   -22.182857   -22.009718   -22.374532
   13.500000   -21.133118   -21.030069   -21.442129
   14.500000   -19.782334   -19.692177   -20.111573
   15.500000   -18.064496   -17.897665   -18.464627
   16.500000   -15.754854   -15.930051   -16.708266
   17.500000   -13.276977   -13.788012   -14.659305
   18.500000   -10.617250   -11.181268   -12.220714
   19.500000    -7.701638    -9.736674    -9.099287
   20.500000    -4.501347    -7.471208    -6.262691
   21.500000     0.842542    -6.916566    -4.356455
   22.500000     3.611473    -6.204387     3.546210
   23.500000     3.611473    -7.343566     0.777280
   24.500000     3.611473    -7.819400     3.546210
   25.500000     3.611473    -7.209113     3.546210
   26.500000     3.611473    -7.764607     3.546210
   27.500000     3.611473    -7.209113     3.546210
   28.500000     3.611473    -7.651312     3.546210
   29.500000     3.611473    -6.992947     3.546210
   30.500000     3.611473    -6.305216     3.546210
   31.500000     3.611473    -5.755132     3.546210
   32.500000     3.611473    -5.989756     3.546210
   33.500000     3.611473    -5.356346     3.546210
   34.500000     3.611473    -5.629087     3.546210
   35.500000     3.611473    -5.989756     3.546210
   36.500000     3.611473    -5.875174     3.546210
   37.500000     3.611473    -6.585548     3.546210
   38.500000     3.611473    -6.916566     3.546210
   39.500000     3.611473    -6.204387     3.546210
   40.500000     3.611473    -6.672467     3.546210
   41.500000     3.611473    -5.989756     3.546210
   42.500000     3.611473    -5.629087     3.546210
   43.500000     3.611473    -6.992947     3.546210
   44.500000     3.611473    -7.067082     3.546210
   45.500000     3.611473    -7.708596     3.546210
   46.500000     3.611473    -7.764607     3.546210
   47.500000     3.611473    -7.532684     3.546210
   48.500000     3.611473    -7.819400     3.546210
   49.500000     3.611473    -8.076806     3.546210
   50.500000     3.611473    -6.402166     3.546210
   51.500000     3.611473    -6.672467     3.546210
   52.500000     3.611473    -5.875174     3.546210
   53.500000     3.611473    -5.755132     3.546210
   54.500000     3.611473    -7.408195     3.546210
   55.500000     3.611473    -5.989756     3.546210
   56.500000     3.611473    -7.209113     3.546210
   57.500000     3.611473    -5.875174     3.546210
   58.500000     3.611473    -6.672467     3.546210
   59.500000     3.611473    -6.099356     3.546210
   60.500000     3.611473    -6.837797     3.546210
   61.500000     3.611473    -5.989756     3.546210
   62.500000     3.611473    -6.756488     3.546210
   63.500000     3.611473    -6.402166     3.546210
   64.500000     3.611473    -5.629087     3.546210
   65.500000     3.611473    -4.882382     3.546210
   66.500000     3.611473    -5.755132     3.546210
   67.500000     3.611473    -3.536286     3.546210
   68.500000     3.611473    -2.439115     3.546210
   69.500000     3.611473    -3.816618     3.546210
   70.500000     3.611473    -3.536286     3.546210
   71.500000     3.611473    -1.933347     3.546210
   72.500000     3.611473     0.835584     3.546210
   73.500000     3.611473     3.604514     3.546210
   74.500000     3.611473     3.604514     3.546210
