           z    400-600ns    600-800ns   800-1000ns
    0.500000   -23.266637   -23.266637   -23.266637
    1.500000   -23.245063   -23.244919   -23.248188
    2.500000   -23.172368   -23.128259   -23.174071
    3.500000   -22.943517   -22.980501   -23.035802
    4.500000   -22.703073   -22.700657   -22.825089
    5.500000   -22.481225   -22.475372   -22.647737
    6.500000   -22.364839   -22.365227   -22.566821
    7.500000   -22.447734   -22.525886   -22.641365
    8.500000   -22.682277   -22.815549   -22.961987
    9.500000   -22.954543   -23.063569   -23.222339
   10.500000   -23.105203   -23.070681   -23.315435
   11.500000   -22.922970   -22.836467   -23.089505
   12.500000   -22.248215   -22.240911   -22.513003
   13.500000   -21.239866   -21.089112   -21.512798
   14.500000   -19.851612   -19.539278   -20.199244
   15.500000   -18.245518   -17.733670   -18.589205
   16.500000   -16.295679   -15.652647   -16.645700
   17.500000   -14.252534   -13.475119   -14.433699
   18.500000   -12.212425   -11.181648   -11.569567
   19.500000   -10.238663    -9.103250    -9.335107
   20.500000    -8.165635    -7.954640    -7.960521
   21.500000    -7.383924    -5.525507    -6.501130
   22.500000    -5.396705    -3.249929    -5.078296
   23.500000    -0.492254    -4.731380    -3.056070
   24.500000    -3.576644    -1.962449    -2.129261
   25.500000    -3.856976    -2.468218    -1.495851
   26.500000    -4.922740    -3.249929     3.408600
   27.500000    -3.261185    -3.565389     3.408600
   28.500000    -5.248404    -4.911484     3.408600
   29.500000    -3.261185    -3.845721     3.408600
   30.500000    -2.479473    -4.911484     3.408600
   31.500000    -3.856976    -4.537408     3.408600
   32.500000    -2.479473    -4.731380     3.408600
   33.500000    -4.109226    -4.911484     3.408600
   34.500000    -1.340295    -4.097970     3.408600
   35.500000    -4.109226    -3.845721     3.408600
   36.500000    -3.856976    -1.329039     3.408600
   37.500000    -2.479473    -0.480998     3.408600
   38.500000    -1.973705    -0.480998     3.408600
   39.500000    -0.492254    -2.468218     3.408600
   40.500000     0.795225    -1.962449     3.408600
   41.500000     3.564156    -0.480998     3.408600
   42.500000     3.564156     0.806481     3.408600
   43.500000     3.564156    -0.480998     3.408600
   44.500000     3.564156    -0.480998     3.408600
   45.500000     3.564156     0.806481     3.408600
   46.500000     3.564156    -1.962449     3.408600
   47.500000     3.564156    -2.889259     3.408600
   48.500000     3.564156    -3.565389     3.408600
   49.500000     3.564156    -1.962449     3.408600
   50.500000     3.564156    -1.962449     3.408600
   51.500000     3.564156    -0.480998     3.408600
   52.500000     3.564156    -0.480998     3.408600
   53.500000     3.564156     3.575411     3.408600
   54.500000     3.564156     3.575411     3.408600
   55.500000     3.564156     3.575411     3.408600
   56.500000     3.564156     3.575411     3.408600
   57.500000     3.564156     3.575411     3.408600
   58.500000     3.564156     3.575411     3.408600
   59.500000     3.564156     3.575411     3.408600
   60.500000     3.564156     3.575411     3.408600
   61.500000     3.564156     3.575411     3.408600
   62.500000     3.564156     3.575411     3.408600
   63.500000     3.564156     3.575411     3.408600
   64.500000     3.564156     3.575411     3.408600
   65.500000     3.564156     3.575411     3.408600
   66.500000     3.564156     3.575411     3.408600
   67.500000     3.564156     3.575411     3.408600
   68.500000     3.564156     3.575411     3.408600
   69.500000     3.564156     3.575411     3.408600
   70.500000     3.564156     3.575411     3.408600
   71.500000     3.564156     3.575411     3.408600
   72.500000     3.564156     3.575411     3.408600
   73.500000     3.564156     3.575411     3.408600
   74.500000     3.564156     3.575411     3.408600
