           z         mean           se
    0.500000    24.771446     0.249143
    1.500000    24.463787     0.358957
    2.500000    24.771446     0.249143
    3.500000    24.226507     0.556467
    4.500000    23.540810     0.624159
    5.500000    21.822116     0.853279
    6.500000    20.497253     0.830302
    7.500000    17.073442     0.519745
    8.500000    13.460375     0.463672
    9.500000    10.428837     0.358009
   10.500000     7.716487     0.310927
   11.500000     5.774914     0.258037
   12.500000     4.373710     0.228899
   13.500000     3.365897     0.203777
   14.500000     2.797070     0.182182
   15.500000     2.623861     0.152022
   16.500000     2.838014     0.138702
   17.500000     3.312871     0.135701
   18.500000     3.933843     0.116450
   19.500000     4.374505     0.099546
   20.500000     4.276720     0.076834
   21.500000     3.627111     0.045991
   22.500000     2.749774     0.039505
   23.500000     2.021972     0.039444
   24.500000     1.371088     0.045455
   25.500000     0.877926     0.051012
   26.500000     0.571790     0.050093
   27.500000     0.340083     0.042224
   28.500000     0.181694     0.042938
   29.500000     0.108805     0.038513
   30.500000     0.050639     0.036353
   31.500000     0.029836     0.038145
   32.500000     0.017523     0.034290
   33.500000     0.019396     0.029093
   34.500000     0.053219     0.036445
   35.500000     0.057576     0.035737
   36.500000     0.049627     0.036577
   37.500000     0.037006     0.037615
   38.500000     0.040343     0.031645
   39.500000     0.030899     0.034160
   40.500000     0.039154     0.035643
   41.500000     0.050674     0.033037
   42.500000     0.049780     0.029774
   43.500000     0.043859     0.021512
   44.500000     0.054817     0.029107
   45.500000     0.014396     0.031343
   46.500000     0.017697     0.033206
   47.500000     0.043917     0.027638
   48.500000     0.033293     0.026587
   49.500000     0.035569     0.027230
   50.500000     0.052514     0.020144
   51.500000     0.042561     0.019898
   52.500000     0.043272     0.016242
   53.500000     0.040184     0.014805
   54.500000     0.026355     0.013606
   55.500000     0.039553     0.015565
   56.500000     0.014921     0.013033
   57.500000     0.016738     0.012980
   58.500000     0.022347     0.010939
   59.500000     0.000000     0.000000
   60.500000     0.017389     0.006698
   61.500000     0.022543     0.013932
   62.500000     0.041701     0.018368
   63.500000     0.117983     0.025648
   64.500000     0.252586     0.031181
   65.500000     0.483957     0.047635
   66.500000     0.839451     0.067056
   67.500000     1.305821     0.075540
   68.500000     1.896815     0.089117
   69.500000     2.685753     0.126475
   70.500000     3.745211     0.163354
   71.500000     5.169274     0.217718
   72.500000     7.035068     0.246992
   73.500000     9.539436     0.363286
   74.500000    12.631444     0.471087
   75.500000    16.120925     0.663746
   76.500000    20.820346     0.998412
   77.500000    22.890848     0.990780
   78.500000    24.320734     0.474663
