           z    400-600ns    600-800ns   800-1000ns
    0.500000    25.094383    25.219521    25.109404
    1.500000    25.094383    25.219521    25.109404
    2.500000    25.094383    25.219521    25.109404
    3.500000    25.094383    25.219521    25.109404
    4.500000    25.094383    22.450591    22.340474
    5.500000    19.556522    20.315071    20.204954
    6.500000    17.421002    18.078721    19.571543
    7.500000    14.994344    17.546140    17.436023
    8.500000    11.909954    13.689470    16.622509
    9.500000     9.592471     9.717609    11.819394
   10.500000     6.877861     6.999342     8.475163
   11.500000     5.207988     5.240489     5.955956
   12.500000     3.805775     4.112581     4.331137
   13.500000     2.735091     3.229076     3.437150
   14.500000     2.306117     2.739366     2.982667
   15.500000     2.211251     2.687308     3.028074
   16.500000     2.547022     2.923270     3.466120
   17.500000     2.966094     3.416897     4.004791
   18.500000     3.655620     3.973467     4.365819
   19.500000     4.122389     4.365565     4.677074
   20.500000     4.218666     4.155977     4.416011
   21.500000     3.612164     3.578118     3.664533
   22.500000     2.792335     2.803566     2.727574
   23.500000     2.098303     1.996070     1.957248
   24.500000     1.452711     1.414403     1.400165
   25.500000     0.995353     0.919749     0.882754
   26.500000     0.599571     0.730477     0.542559
   27.500000     0.373519     0.448706     0.367836
   28.500000     0.227587     0.289945     0.147376
   29.500000     0.126317     0.224460     0.111610
   30.500000     0.110285     0.139873     0.009641
   31.500000     0.082472     0.130275     0.037220
   32.500000     0.048619     0.088707    -0.018818
   33.500000     0.039863     0.089413    -0.067630
   34.500000     0.038163     0.136749    -0.014097
   35.500000     0.052521     0.159907    -0.022353
   36.500000     0.001307     0.190873    -0.061145
   37.500000    -0.065709     0.188175     0.003448
   38.500000    -0.060347     0.153856    -0.015042
   39.500000    -0.058713     0.166944     0.001308
   40.500000    -0.083576     0.192836     0.030718
   41.500000    -0.093959     0.178392     0.003448
   42.500000    -0.065476     0.193573     0.003448
   43.500000    -0.072685     0.104777     0.009164
   44.500000    -0.063379     0.184013    -0.005577
   45.500000    -0.132577     0.129796    -0.011733
   46.500000    -0.123490     0.120713    -0.013861
   47.500000    -0.067338     0.151198    -0.004628
   48.500000    -0.034782     0.122383    -0.012206
   49.500000    -0.095801     0.119043    -0.042992
   50.500000    -0.046307     0.083999     0.022074
   51.500000    -0.043254     0.071801     0.039632
   52.500000    -0.060114     0.026808     0.037702
   53.500000    -0.057078     0.060128     0.020397
   54.500000    -0.008955     0.008942    -0.011023
   55.500000    -0.031716     0.027497     0.018960
   56.500000    -0.030535    -0.004262    -0.023530
   57.500000    -0.008240     0.004381    -0.031051
   58.500000    -0.040904    -0.026415    -0.008894
   59.500000    -0.038316    -0.038316    -0.038316
   60.500000    -0.039492    -0.040779    -0.036443
   61.500000    -0.017514    -0.080081    -0.037848
   62.500000    -0.034075    -0.026865    -0.077095
   63.500000     0.044237     0.033483    -0.027058
   64.500000     0.184531     0.237672     0.092805
   65.500000     0.392718     0.515344     0.264151
   66.500000     0.777633     0.897245     0.538143
   67.500000     1.284088     1.387835     0.899333
   68.500000     1.914999     2.144462     1.474974
   69.500000     2.760690     2.961275     2.169447
   70.500000     3.730105     4.240178     3.087220
   71.500000     5.361671     5.748684     4.307403
   72.500000     7.382816     7.617653     6.066902
   73.500000    10.440512    10.349484     8.394179
   74.500000    13.781273    13.741980    10.898557
   75.500000    17.953583    18.078721    13.685490
   76.500000    22.325453    25.219521    17.436023
   77.500000    25.094383    25.219521    21.052995
   78.500000    25.094383    25.219521    25.109404
