           z    400-600ns    600-800ns   800-1000ns
    0.500000    25.087311    25.095560    25.132002
    1.500000    25.087311    22.326629    25.132002
    2.500000    25.087311    25.095560    25.132002
    3.500000    25.087311    20.191109    25.132002
    4.500000    25.087311    19.557699    25.132002
    5.500000    25.087311    17.954760    25.132002
    6.500000    22.318381    17.422179    22.363071
    7.500000    19.549450    14.653248    17.458620
    8.500000    13.217462    13.008302    12.486504
    9.500000    10.418437    11.250908     9.808204
   10.500000     8.042601     8.097907     6.952355
   11.500000     6.613490     6.011203     5.297084
   12.500000     5.442362     4.144508     4.116227
   13.500000     4.372090     2.911294     3.188675
   14.500000     3.617144     2.226259     2.469139
   15.500000     3.207357     2.053738     2.217457
   16.500000     3.146489     2.281173     2.283590
   17.500000     3.487638     2.974259     2.596487
   18.500000     4.346413     3.948246     3.251192
   19.500000     4.857416     4.532924     3.933712
   20.500000     4.656500     4.381698     3.894765
   21.500000     3.695881     3.610337     3.316176
   22.500000     2.671355     2.597932     2.557863
   23.500000     1.937739     1.918220     1.823146
   24.500000     1.223095     1.170178     1.246459
   25.500000     0.752081     0.653137     0.749728
   26.500000     0.409500     0.376914     0.574899
   27.500000     0.194749     0.215197     0.236075
   28.500000     0.035949     0.035703     0.178300
   29.500000    -0.028144    -0.041138     0.082829
   30.500000    -0.097575    -0.069185     0.006375
   31.500000    -0.129879    -0.092783     0.001894
   32.500000    -0.062748    -0.110680    -0.001874
   33.500000    -0.065318    -0.056369    -0.010565
   34.500000    -0.037371    -0.028650     0.043713
   35.500000    -0.030277     0.000811     0.035341
   36.500000    -0.008155    -0.076380     0.062954
   37.500000    -0.043975    -0.026287    -0.024362
   38.500000    -0.026485    -0.022738     0.028187
   39.500000    -0.033117    -0.062203     0.019392
   40.500000    -0.032644    -0.064066    -0.007515
   41.500000    -0.033590    -0.020132     0.032477
   42.500000    -0.047741    -0.000145     0.020104
   43.500000    -0.008633    -0.029595     0.031285
   44.500000    -0.020786     0.012548     0.057648
   45.500000    -0.048211    -0.066860    -0.005401
   46.500000    -0.024112    -0.070579    -0.021795
   47.500000     0.038625    -0.047944     0.017020
   48.500000    -0.053379    -0.048413    -0.000462
   49.500000    -0.038552    -0.013488    -0.032743
   50.500000    -0.033590     0.036672    -0.041329
   51.500000    -0.032170    -0.010634    -0.084733
   52.500000     0.000460     0.048091    -0.039475
   53.500000    -0.018408     0.001767    -0.013846
   54.500000    -0.009588    -0.004680    -0.077437
   55.500000    -0.058770     0.041525    -0.008688
   56.500000    -0.051031    -0.024395    -0.070577
   57.500000    -0.065552    -0.016812    -0.058873
   58.500000     0.008143     0.022170     0.010628
   59.500000    -0.038316    -0.038316    -0.038316
   60.500000    -0.046094     0.002245    -0.005636
   61.500000    -0.036899     0.036915    -0.010565
   62.500000    -0.029803     0.067647     0.076267
   63.500000     0.076635     0.118463     0.244883
   64.500000     0.130831     0.270439     0.419745
   65.500000     0.297544     0.488666     0.755760
   66.500000     0.579495     0.968658     1.194109
   67.500000     1.004653     1.452612     1.654651
   68.500000     1.453734     2.013586     2.210089
   69.500000     2.159745     2.890902     3.296069
   70.500000     3.017858     3.993275     4.442722
   71.500000     4.201418     5.511574     6.078970
   72.500000     5.782030     7.564760     7.775262
   73.500000     7.504199    10.239371    10.433389
   74.500000    10.344737    13.618018    13.307979
   75.500000    12.614510    16.283000    15.772355
   76.500000    15.607623    21.039150    19.088372
   77.500000    16.274751    25.095560    21.075592
   78.500000    21.030901    25.095560    25.132002
