           z    400-600ns    600-800ns   800-1000ns
    0.500000    25.021784    23.482246    23.355960
    1.500000    25.021784    23.482246    23.355960
    2.500000    25.021784    23.482246    23.355960
    3.500000    25.021784    23.482246    23.355960
    4.500000    25.021784    23.482246    23.355960
    5.500000    20.965374    23.482246    23.355960
    6.500000    20.117333    23.482246    23.355960
    7.500000    16.209224    17.017576    18.451510
    8.500000    12.214667    13.887976    13.761690
    9.500000     8.485433    11.353669    11.068566
   10.500000     6.278615     8.252460     9.127237
   11.500000     4.470720     5.843279     6.989174
   12.500000     3.254702     4.509276     5.301979
   13.500000     2.443750     3.620506     4.010598
   14.500000     2.007089     3.219629     3.261375
   15.500000     2.046673     2.989850     2.828200
   16.500000     2.494860     3.097471     2.957286
   17.500000     3.131582     3.479675     3.413575
   18.500000     3.642849     3.900389     3.975753
   19.500000     4.219782     4.186490     4.130354
   20.500000     4.274172     4.167477     3.980371
   21.500000     3.729932     3.680288     3.411730
   22.500000     2.759858     2.910967     2.581670
   23.500000     2.002184     2.224116     1.895881
   24.500000     1.239893     1.585237     1.262808
   25.500000     0.656051     1.105329     0.842311
   26.500000     0.305914     0.742787     0.518644
   27.500000     0.125340     0.502706     0.251778
   28.500000    -0.051606     0.339923     0.087225
   29.500000    -0.039527     0.244275    -0.046280
   30.500000    -0.103135     0.186043    -0.071412
   31.500000    -0.139705     0.148757    -0.114571
   32.500000    -0.164025     0.147796    -0.114116
   33.500000    -0.129678     0.127219    -0.097212
   34.500000    -0.123361     0.218942    -0.099961
   35.500000    -0.148766     0.193860    -0.067704
   36.500000    -0.106438     0.174362    -0.075576
   37.500000    -0.147142     0.178250    -0.074189
   38.500000    -0.139240     0.145395    -0.045344
   39.500000    -0.150852     0.134378    -0.083884
   40.500000    -0.108089     0.154532    -0.074651
   41.500000    -0.102426     0.161286    -0.014271
   42.500000    -0.082745     0.112962    -0.030797
   43.500000    -0.073205     0.099257    -0.010479
   44.500000    -0.089639     0.110594    -0.036908
   45.500000    -0.148302     0.105391    -0.037377
   46.500000    -0.137377     0.153568    -0.068632
   47.500000    -0.104079     0.106809    -0.039254
   48.500000    -0.099827     0.131035    -0.049552
   49.500000    -0.027876     0.151162    -0.043472
   50.500000    -0.026659     0.128173     0.004749
   51.500000     0.001244     0.107755    -0.011428
   52.500000     0.008144     0.079539    -0.056549
   53.500000     0.026474     0.059046    -0.061668
   54.500000     0.000505     0.061366    -0.066777
   55.500000    -0.058105     0.081878    -0.001449
   56.500000    -0.026416     0.067409    -0.047215
   57.500000    -0.057144     0.059510    -0.020422
   58.500000    -0.081554     0.006258    -0.033149
   59.500000    -0.038316    -0.038316    -0.038316
   60.500000    -0.014704    -0.014100     0.006659
   61.500000    -0.054978     0.044707     0.014313
   62.500000    -0.035407     0.046091     0.043710
   63.500000     0.026225     0.093607     0.106532
   64.500000     0.194005     0.181656     0.216750
   65.500000     0.410833     0.414654     0.471105
   66.500000     0.792437     0.690402     0.772095
   67.500000     1.266588     1.182370     1.275420
   68.500000     1.938217     1.710694     1.865738
   69.500000     2.663907     2.349853     2.575045
   70.500000     3.836987     3.337768     3.675948
   71.500000     5.301135     4.528329     5.139438
   72.500000     7.429276     6.362895     6.989174
   73.500000     9.804000     8.477757     9.867195
   74.500000    12.376286    11.273010    13.996314
   75.500000    16.534888    15.369427    18.451510
   76.500000    22.252853    20.713316    23.355960
   77.500000    25.021784    23.482246    23.355960
   78.500000    25.021784    23.482246    23.355960
