           z         mean           se
    0.500000     7.256308     0.140256
    1.500000     7.259360     0.149074
    2.500000     7.203813     0.150396
    3.500000     7.239374     0.147521
    4.500000     7.109468     0.112318
    5.500000     6.740791     0.089315
    6.500000     5.835506     0.096358
    7.500000     4.570415     0.065857
    8.500000     3.146441     0.057191
    9.500000     1.885013     0.038040
   10.500000     0.892883     0.025639
   11.500000     0.255502     0.016955
   12.500000     0.000000     0.000000
   13.500000     0.123901     0.021823
   14.500000     0.584001     0.034644
   15.500000     1.367222     0.054022
   16.500000     2.454130     0.076316
   17.500000     3.656786     0.078509
   18.500000     4.968831     0.080322
   19.500000     6.128541     0.094153
   20.500000     6.843007     0.098880
   21.500000     6.882264     0.100379
   22.500000     6.435138     0.119759
   23.500000     5.797036     0.125753
   24.500000     5.202803     0.143191
   25.500000     4.744115     0.147761
   26.500000     4.427982     0.151545
   27.500000     4.249873     0.157728
   28.500000     4.140226     0.160039
   29.500000     4.118013     0.168822
   30.500000     4.105971     0.172505
   31.500000     4.125617     0.170520
   32.500000     4.164122     0.179470
   33.500000     4.170800     0.172349
   34.500000     4.193317     0.179532
   35.500000     4.197381     0.194242
   36.500000     4.208405     0.198864
   37.500000     4.220923     0.198294
   38.500000     4.217820     0.199693
   39.500000     4.220794     0.200891
   40.500000     4.210510     0.202034
   41.500000     4.220286     0.201844
   42.500000     4.240803     0.205107
   43.500000     4.195091     0.197265
   44.500000     4.223914     0.191861
   45.500000     4.226145     0.203334
   46.500000     4.212279     0.198818
   47.500000     4.232864     0.212276
   48.500000     4.215921     0.211637
   49.500000     4.210572     0.216178
   50.500000     4.233011     0.220214
   51.500000     4.241067     0.228552
   52.500000     4.228530     0.227196
   53.500000     4.225366     0.228084
   54.500000     4.248868     0.230833
   55.500000     4.264767     0.232650
   56.500000     4.236509     0.225431
   57.500000     4.239360     0.230664
   58.500000     4.239438     0.231699
   59.500000     4.289800     0.234422
   60.500000     4.391300     0.249261
   61.500000     4.603421     0.271544
   62.500000     4.900065     0.286568
   63.500000     5.337689     0.307216
   64.500000     5.920864     0.337533
   65.500000     6.707922     0.359167
   66.500000     7.756504     0.424564
   67.500000     9.132705     0.511956
   68.500000    10.858373     0.582151
   69.500000    13.223663     0.723579
   70.500000    15.961565     0.650396
   71.500000    19.775851     0.784223
   72.500000    23.525761     0.573927
   73.500000    26.038155     0.595750
