           z    400-600ns    600-800ns   800-1000ns
    0.500000     2.535416     2.879028     3.363112
    1.500000     2.519456     2.810517     3.383506
    2.500000     2.614015     2.634331     3.326145
    3.500000     2.583913     2.966654     3.393766
    4.500000     2.506232     2.952313     3.115057
    5.500000     2.111503     2.541522     2.945980
    6.500000     1.182612     1.717723     2.211959
    7.500000     0.160422     0.335659     0.801050
    8.500000    -1.128513    -1.121767    -0.655094
    9.500000    -2.304554    -2.449256    -2.082817
   10.500000    -3.328243    -3.385118    -3.211618
   11.500000    -3.960061    -3.989372    -3.938340
   12.500000    -4.218839    -4.218839    -4.218839
   13.500000    -4.047935    -4.042339    -4.199878
   14.500000    -3.523932    -3.645926    -3.784847
   15.500000    -2.647379    -2.909965    -3.039073
   16.500000    -1.437986    -1.956628    -1.980100
   17.500000    -0.229063    -0.724546    -0.661273
   18.500000     1.043018     0.562268     0.790050
   19.500000     2.077897     1.773537     2.188484
   20.500000     2.914835     2.322878     2.889244
   21.500000     3.098158     2.287480     2.643548
   22.500000     2.781914     1.923005     2.080376
   23.500000     2.189377     1.315285     1.288781
   24.500000     1.810012     0.598537     0.774244
   25.500000     1.357003     0.125424     0.319677
   26.500000     1.124014    -0.163841     0.026700
   27.500000     0.951701    -0.360319    -0.220267
   28.500000     0.871837    -0.443452    -0.295111
   29.500000     0.889830    -0.493504    -0.392331
   30.500000     0.869080    -0.424048    -0.509354
   31.500000     0.819967    -0.377930    -0.502060
   32.500000     0.881510    -0.307914    -0.393094
   33.500000     0.853972    -0.343358    -0.436947
   34.500000     0.892610    -0.263595    -0.408302
   35.500000     0.963115    -0.359166    -0.433197
   36.500000     1.000572    -0.374112    -0.440692
   37.500000     0.964545    -0.344132    -0.407544
   38.500000     0.991878    -0.360703    -0.449658
   39.500000     1.013669    -0.438987    -0.491813
   40.500000     0.970275    -0.428165    -0.558400
   41.500000     1.034178    -0.416170    -0.485204
   42.500000     1.012210    -0.374876    -0.448166
   43.500000     0.976018    -0.402228    -0.523154
   44.500000     0.977455    -0.326283    -0.533275
   45.500000     1.051890    -0.377166    -0.518804
   46.500000     0.997671    -0.326283    -0.485939
   47.500000     1.130118    -0.375640    -0.487409
   48.500000     1.093711    -0.349153    -0.471193
   49.500000     1.104276    -0.339875    -0.516627
   50.500000     1.202976    -0.341424    -0.468234
   51.500000     1.257026    -0.443823    -0.467493
   52.500000     1.249004    -0.369140    -0.478577
   53.500000     1.242606    -0.414290    -0.564821
   54.500000     1.318839    -0.288225    -0.583277
   55.500000     1.399151    -0.352624    -0.528220
   56.500000     1.351992    -0.369905    -0.560542
   57.500000     1.346991    -0.373730    -0.578321
   58.500000     1.377146    -0.386309    -0.550531
   59.500000     1.448942    -0.368757    -0.475626
   60.500000     1.586128    -0.330174    -0.468234
   61.500000     1.943560    -0.224977    -0.319574
   62.500000     2.306016     0.005350    -0.059211
   63.500000     2.887070     0.370842     0.314622
   64.500000     3.689506     0.809449     0.758537
   65.500000     4.592989     1.603802     1.472191
   66.500000     6.123204     2.353137     2.344005
   67.500000     7.809997     3.499573     3.349607
   68.500000     9.967245     5.168721     4.802930
   69.500000    13.061839     7.352946     6.948460
   70.500000    14.407935     9.493937     9.451139
   71.500000    18.779804    14.437015    13.289826
   72.500000    21.548735    19.481523    17.720312
   73.500000    21.548735    23.537933    21.776722
