           z    400-600ns    600-800ns   800-1000ns
    0.500000     3.373288     3.849294     2.672145
    1.500000     3.277732     3.950461     2.863540
    2.500000     3.096847     3.933315     2.870503
    3.500000     2.970655     3.865876     2.674724
    4.500000     2.712415     3.597832     2.670857
    5.500000     2.417710     2.908539     2.383821
    6.500000     1.588787     1.788050     1.383635
    7.500000     0.276286     0.467235     0.258339
    8.500000    -1.231994    -1.085664    -1.142022
    9.500000    -2.468615    -2.379666    -2.358881
   10.500000    -3.429112    -3.336789    -3.319395
   11.500000    -4.012961    -3.973804    -3.974192
   12.500000    -4.218839    -4.218839    -4.218839
   13.500000    -4.073519    -4.050495    -4.111697
   14.500000    -3.558363    -3.525309    -3.658867
   15.500000    -2.647339    -2.750274    -2.867291
   16.500000    -1.549804    -1.608340    -1.733014
   17.500000    -0.465803    -0.382656    -0.648301
   18.500000     0.770941     0.983102     0.527986
   19.500000     1.977996     2.148158     1.624356
   20.500000     2.574174     2.919944     2.314657
   21.500000     2.598751     2.989476     2.416216
   22.500000     1.859212     2.588398     2.003609
   23.500000     1.181783     1.847095     1.439125
   24.500000     0.640436     1.147355     0.796687
   25.500000     0.217997     0.750363     0.284191
   26.500000    -0.089881     0.378121    -0.070441
   27.500000    -0.278938     0.240205    -0.249318
   28.500000    -0.405791     0.039226    -0.360465
   29.500000    -0.419251     0.139609    -0.433685
   30.500000    -0.472384     0.132034    -0.415200
   31.500000    -0.396778     0.083348    -0.447928
   32.500000    -0.471653     0.181680    -0.435564
   33.500000    -0.336620     0.128255    -0.393525
   34.500000    -0.386221     0.154826    -0.386641
   35.500000    -0.382440     0.271984    -0.446807
   36.500000    -0.431156     0.208823    -0.392379
   37.500000    -0.374102     0.300122    -0.403055
   38.500000    -0.383953     0.260020    -0.445311
   39.500000    -0.393012     0.279991    -0.398866
   40.500000    -0.343547     0.224465    -0.428794
   41.500000    -0.354283     0.260020    -0.512865
   42.500000    -0.384709     0.244156    -0.544356
   43.500000    -0.435605     0.224465    -0.485765
   44.500000    -0.380169     0.275984    -0.430677
   45.500000    -0.402039     0.228391    -0.468030
   46.500000    -0.380926     0.181680    -0.542917
   47.500000    -0.448170     0.244156    -0.494586
   48.500000    -0.467999     0.228391    -0.588572
   49.500000    -0.522988     0.304168    -0.590691
   50.500000    -0.545788     0.320415    -0.547592
   51.500000    -0.529422     0.373955    -0.534625
   52.500000    -0.499981     0.320415    -0.599857
   53.500000    -0.531562     0.344985    -0.548310
   54.500000    -0.437087     0.296083    -0.567630
   55.500000    -0.436346     0.256045    -0.485029
   56.500000    -0.436346     0.267990    -0.479867
   57.500000    -0.447433     0.260020    -0.489444
   58.500000    -0.514385     0.232323    -0.426157
   59.500000    -0.436346     0.308220    -0.427288
   60.500000    -0.338931     0.488925    -0.358530
   61.500000    -0.147022     0.646220    -0.136004
   62.500000     0.058008     0.930647     0.175145
   63.500000     0.534802     1.292914     0.501155
   64.500000     1.201567     1.854574     1.120367
   65.500000     1.918847     2.558512     1.919037
   66.500000     2.823336     3.438444     3.067656
   67.500000     4.118025     4.571612     4.386492
   68.500000     5.622142     6.057470     5.922473
   69.500000     7.821297     8.076644     7.902215
   70.500000    10.859049    11.441366    10.712549
   71.500000    14.385996    14.210296    14.418747
   72.500000    19.038198    18.266706    19.463256
   73.500000    21.807128    18.266706    23.519665
