           z    400-600ns    600-800ns   800-1000ns
    0.500000     3.084832     2.750116     2.829996
    1.500000     3.154650     2.682626     2.722206
    2.500000     3.170431     2.537394     2.681788
    3.500000     3.395197     2.607645     2.726389
    4.500000     3.092495     2.694887     2.673577
    5.500000     2.596046     2.464060     2.328394
    6.500000     1.446956     1.581541     1.648745
    7.500000     0.157747     0.417501     0.289951
    8.500000    -1.129733    -0.973708    -1.183083
    9.500000    -2.308104    -2.274659    -2.377874
   10.500000    -3.277541    -3.229118    -3.416664
   11.500000    -3.945335    -3.851133    -4.024830
   12.500000    -4.218839    -4.218839    -4.218839
   13.500000    -4.069732    -4.208709    -4.050136
   14.500000    -3.639471    -3.805250    -3.571573
   15.500000    -2.878230    -3.124248    -2.800752
   16.500000    -1.766786    -2.155531    -1.694191
   17.500000    -0.436280    -1.035698    -0.474854
   18.500000     0.808152     0.310799     0.953621
   19.500000     1.956574     1.334984     2.105334
   20.500000     2.722038     2.147134     2.812610
   21.500000     2.778992     2.266398     2.891808
   22.500000     2.339599     1.811201     2.559381
   23.500000     1.733641     1.193335     2.015353
   24.500000     1.042461     0.567379     1.478566
   25.500000     0.546765     0.077460     1.048611
   26.500000     0.235172    -0.251556     0.694008
   27.500000     0.155751    -0.476280     0.516773
   28.500000    -0.001208    -0.582293     0.469746
   29.500000     0.034273    -0.637134     0.404766
   30.500000    -0.000458    -0.659246     0.463769
   31.500000     0.089613    -0.655996     0.548766
   32.500000     0.131536    -0.692945     0.613996
   33.500000     0.187462    -0.677227     0.585642
   34.500000     0.266654    -0.718456     0.619433
   35.500000     0.233526    -0.727605     0.687475
   36.500000     0.355746    -0.718456     0.697749
   37.500000     0.294316    -0.759715     0.748319
   38.500000     0.369168    -0.704315     0.713708
   39.500000     0.433363    -0.650570     0.663821
   40.500000     0.420038    -0.662492     0.731665
   41.500000     0.425360    -0.607838     0.669829
   42.500000     0.479202    -0.567740     0.781960
   43.500000     0.388343    -0.606733     0.650927
   44.500000     0.395352    -0.574467     0.641758
   45.500000     0.475123    -0.593431     0.669829
   46.500000     0.473313    -0.624725     0.649091
   47.500000     0.511149    -0.618130     0.664744
   48.500000     0.512527    -0.626188     0.642216
   49.500000     0.486923    -0.636770     0.637186
   50.500000     0.440498    -0.604521     0.671218
   51.500000     0.460676    -0.609311     0.693074
   52.500000     0.422697    -0.649483     0.692140
   53.500000     0.457077    -0.594913     0.667979
   54.500000     0.436928    -0.618130     0.712766
   55.500000     0.458876    -0.600460     0.701963
   56.500000     0.366998    -0.605258     0.623974
   57.500000     0.440945    -0.636770     0.662436
   58.500000     0.389218    -0.626188     0.690273
   59.500000     0.470600    -0.590095     0.709003
   60.500000     0.583365    -0.511733     0.901340
   61.500000     0.856672    -0.341572     1.183941
   62.500000     1.210099    -0.044739     1.549723
   63.500000     1.712099     0.411423     2.044725
   64.500000     2.272197     0.909598     2.702434
   65.500000     2.967729     1.663642     3.705003
   66.500000     4.041000     2.750116     4.898096
   67.500000     5.761123     3.970558     6.757808
   68.500000     7.630910     5.865688     8.718231
   69.500000    10.177635     7.851947    11.850435
   70.500000    11.872016    12.448408    14.998135
   71.500000    13.438194    17.858627    19.194602
   72.500000    16.285893    20.627558    21.330122
   73.500000    21.190344    20.627558    24.099053
