           z         mean           se
    0.500000    17.917094     0.646106
    1.500000    17.860898     0.699284
    2.500000    16.163072     1.013739
    3.500000    13.939080     0.900461
    4.500000     8.986323     0.531512
    5.500000     5.333208     0.278861
    6.500000     1.941221     0.183704
    7.500000    -1.080847     0.133503
    8.500000    -3.614868     0.077681
    9.500000    -5.679812     0.059810
   10.500000    -7.323209     0.043144
   11.500000    -8.502315     0.021528
   12.500000    -9.208307     0.014836
   13.500000    -9.426452     0.000000
   14.500000    -9.180848     0.016808
   15.500000    -8.517742     0.028546
   16.500000    -7.430429     0.039062
   17.500000    -6.008974     0.057931
   18.500000    -4.298696     0.065585
   19.500000    -2.510244     0.093811
   20.500000    -0.864164     0.090708
   21.500000     0.230650     0.128279
   22.500000     0.771805     0.233136
   23.500000     0.734750     0.306068
   24.500000     0.414568     0.355102
   25.500000     0.203510     0.353629
   26.500000     0.069000     0.385069
   27.500000    -0.011472     0.348929
   28.500000    -0.059590     0.330381
   29.500000     0.123316     0.371449
   30.500000     0.216120     0.375745
   31.500000     0.210589     0.336966
   32.500000     0.203936     0.343536
   33.500000     0.177469     0.343121
   34.500000     0.234231     0.332147
   35.500000     0.218608     0.319199
   36.500000     0.185686     0.283123
   37.500000     0.161189     0.277356
   38.500000     0.114577     0.296909
   39.500000     0.073816     0.283006
   40.500000     0.092158     0.291657
   41.500000     0.056480     0.285477
   42.500000     0.020323     0.277909
   43.500000     0.026111     0.262078
   44.500000    -0.047639     0.262205
   45.500000    -0.033355     0.285804
   46.500000     0.014256     0.294577
   47.500000    -0.059257     0.279059
   48.500000    -0.015779     0.293065
   49.500000    -0.053297     0.324244
   50.500000    -0.070835     0.306177
   51.500000    -0.105097     0.316280
   52.500000    -0.057974     0.310972
   53.500000    -0.037442     0.319705
   54.500000    -0.006727     0.300231
   55.500000    -0.010139     0.314685
   56.500000     0.044335     0.303401
   57.500000     0.049946     0.327404
   58.500000     0.008813     0.323138
   59.500000     0.102979     0.319390
   60.500000     0.088669     0.310243
   61.500000     0.321219     0.341190
   62.500000     0.624766     0.372087
   63.500000     0.879330     0.367451
   64.500000     1.296981     0.391828
   65.500000     1.741704     0.413169
   66.500000     2.271526     0.420546
   67.500000     3.051756     0.519589
   68.500000     3.919969     0.507669
   69.500000     5.671112     0.801121
   70.500000     7.429548     0.837811
   71.500000    10.059493     0.985977
   72.500000    12.455333     0.843005
   73.500000    16.851064     0.809734
   74.500000    17.301776     0.489345
   75.500000    18.532412     0.217437
   76.500000    18.224753     0.361085
