           z         mean           se
    0.500000    27.343547     0.646106
    1.500000    27.287350     0.699284
    2.500000    25.589524     1.013739
    3.500000    23.365533     0.900461
    4.500000    18.412776     0.531512
    5.500000    14.759661     0.278861
    6.500000    11.367673     0.183704
    7.500000     8.345606     0.133503
    8.500000     5.811585     0.077681
    9.500000     3.746640     0.059810
   10.500000     2.103244     0.043144
   11.500000     0.924137     0.021528
   12.500000     0.218145     0.014836
   13.500000     0.000000     0.000000
   14.500000     0.245605     0.016808
   15.500000     0.908710     0.028546
   16.500000     1.996023     0.039062
   17.500000     3.417478     0.057931
   18.500000     5.127756     0.065585
   19.500000     6.916208     0.093811
   20.500000     8.562289     0.090708
   21.500000     9.657102     0.128279
   22.500000    10.198258     0.233136
   23.500000    10.161203     0.306068
   24.500000     9.841021     0.355102
   25.500000     9.629962     0.353629
   26.500000     9.495453     0.385069
   27.500000     9.414980     0.348929
   28.500000     9.366862     0.330381
   29.500000     9.549769     0.371449
   30.500000     9.642572     0.375745
   31.500000     9.637042     0.336966
   32.500000     9.630388     0.343536
   33.500000     9.603921     0.343121
   34.500000     9.660683     0.332147
   35.500000     9.645060     0.319199
   36.500000     9.612139     0.283123
   37.500000     9.587642     0.277356
   38.500000     9.541029     0.296909
   39.500000     9.500268     0.283006
   40.500000     9.518610     0.291657
   41.500000     9.482933     0.285477
   42.500000     9.446775     0.277909
   43.500000     9.452563     0.262078
   44.500000     9.378814     0.262205
   45.500000     9.393097     0.285804
   46.500000     9.440708     0.294577
   47.500000     9.367195     0.279059
   48.500000     9.410673     0.293065
   49.500000     9.373155     0.324244
   50.500000     9.355618     0.306177
   51.500000     9.321356     0.316280
   52.500000     9.368478     0.310972
   53.500000     9.389010     0.319705
   54.500000     9.419725     0.300231
   55.500000     9.416314     0.314685
   56.500000     9.470787     0.303401
   57.500000     9.476398     0.327404
   58.500000     9.435266     0.323138
   59.500000     9.529431     0.319390
   60.500000     9.515121     0.310243
   61.500000     9.747671     0.341190
   62.500000    10.051218     0.372087
   63.500000    10.305782     0.367451
   64.500000    10.723433     0.391828
   65.500000    11.168157     0.413169
   66.500000    11.697978     0.420546
   67.500000    12.478208     0.519589
   68.500000    13.346422     0.507669
   69.500000    15.097565     0.801121
   70.500000    16.856001     0.837811
   71.500000    19.485945     0.985977
   72.500000    21.881785     0.843005
   73.500000    26.277517     0.809734
   74.500000    26.728229     0.489345
   75.500000    27.958865     0.217437
   76.500000    27.651206     0.361085
