           z    400-600ns    600-800ns   800-1000ns
    0.500000    13.049428    18.802890    18.801649
    1.500000    12.543660    18.802890    18.801649
    2.500000    10.474470    13.265029    13.897198
    3.500000    10.280498    11.977549    16.032719
    4.500000     6.955390     7.989262     9.700731
    5.500000     4.936609     4.610045     5.410303
    6.500000     1.939368     1.365085     2.322993
    7.500000    -1.017885    -1.317626    -0.673636
    8.500000    -3.666534    -3.556402    -3.524887
    9.500000    -5.609507    -5.693135    -5.733767
   10.500000    -7.274391    -7.402196    -7.366557
   11.500000    -8.479229    -8.607975    -8.518560
   12.500000    -9.167903    -9.299346    -9.213293
   13.500000    -9.426452    -9.426452    -9.426452
   14.500000    -9.233570    -9.086942    -9.162446
   15.500000    -8.595422    -8.361910    -8.481123
   16.500000    -7.534920    -7.200515    -7.453394
   17.500000    -6.092776    -5.707339    -5.980554
   18.500000    -4.430131    -3.965005    -4.125916
   19.500000    -2.879856    -2.051067    -2.417858
   20.500000    -1.364308    -0.488091    -0.704548
   21.500000    -0.369359     0.872952     0.205251
   22.500000    -0.164775     1.787487     0.790988
   23.500000    -0.164775     2.245240     0.822968
   24.500000    -0.434022     1.835099     0.523651
   25.500000    -0.746350     1.508707     0.224213
   26.500000    -0.905706     1.551291     0.109489
   27.500000    -0.964576     1.729209     0.067407
   28.500000    -1.059736     1.451304     0.079359
   29.500000    -1.090674     1.926871     0.186430
   30.500000    -1.080403     2.028590     0.381277
   31.500000    -0.774394     1.583708     0.377903
   32.500000    -0.804426     1.758180     0.585127
   33.500000    -0.792918     1.540578     0.278728
   34.500000    -0.741646     1.492922     0.415268
   35.500000    -0.611189     1.051386     0.388039
   36.500000    -0.350182     0.856599     0.377903
   37.500000    -0.550968     0.852527     0.418693
   38.500000    -0.396504     0.760649     0.224213
   39.500000    -0.563634     0.626961     0.317931
   40.500000    -0.611189     0.500008     0.149206
   41.500000    -0.571202     0.568130     0.334447
   42.500000    -0.638317     0.348979     0.269021
   43.500000    -0.530570     0.342325     0.291728
   44.500000    -0.621088     0.416509     0.278728
   45.500000    -0.710851     0.335688     0.470626
   46.500000    -0.630948     0.059720     0.281971
   47.500000    -0.739291     0.027256     0.446257
   48.500000    -0.772069    -0.090193     0.610883
   49.500000    -0.827287    -0.221080     0.775149
   50.500000    -0.739291    -0.427618     0.640645
   51.500000    -0.758073    -0.584229     0.265794
   52.500000    -0.640769    -0.476112     0.275488
   53.500000    -0.781356    -0.652321     0.498767
   54.500000    -0.720367    -0.607131     0.425556
   55.500000    -0.811307    -0.634342     0.527226
   56.500000    -0.725111    -0.757581     0.566890
   57.500000    -0.802129    -0.766158     0.743766
   58.500000    -0.903499    -0.776837     0.537982
   59.500000    -0.760411    -0.676834     0.697413
   60.500000    -0.725111    -0.659030     0.743766
   61.500000    -0.525445    -0.570387     0.875816
   62.500000    -0.447287    -0.221080     0.955107
   63.500000    -0.012255     0.162793     1.512750
   64.500000     0.266782     0.345650     2.106427
   65.500000     0.673812     1.095799     2.457845
   66.500000     1.230550     1.589152     2.734106
   67.500000     1.711271     2.331539     3.707136
   68.500000     2.536980     3.237301     4.757653
   69.500000     3.442742     5.243455     6.122988
   70.500000     5.457357     6.978867     7.545823
   71.500000     8.066209     9.099019    11.128268
   72.500000    10.280498    11.381758    13.263788
   73.500000    15.818359    18.802890    18.801649
   74.500000    15.818359    16.033959    18.801649
   75.500000    18.587289    18.802890    18.801649
   76.500000    18.587289    18.802890    18.801649
