           z    400-600ns    600-800ns   800-1000ns
    0.500000    18.634873    18.682586    16.826478
    1.500000    18.634873    18.682586    16.826478
    2.500000    15.865942    18.682586    16.826478
    3.500000    13.097012    18.682586    11.288617
    4.500000    10.522053    10.779921     7.592877
    5.500000     5.194346     7.258672     4.739220
    6.500000     1.709493     3.065136     1.219315
    7.500000    -1.463186    -0.401771    -1.676918
    8.500000    -3.880772    -3.288127    -4.060684
    9.500000    -5.952515    -5.518302    -5.961191
   10.500000    -7.527082    -7.161936    -7.418652
   11.500000    -8.531504    -8.416185    -8.557405
   12.500000    -9.209536    -9.136004    -9.194364
   13.500000    -9.426452    -9.426452    -9.426452
   14.500000    -9.144487    -9.166554    -9.206580
   15.500000    -8.480247    -8.498768    -8.629244
   16.500000    -7.421791    -7.439782    -7.626140
   17.500000    -6.102293    -6.046857    -6.345742
   18.500000    -4.387447    -4.290307    -4.659745
   19.500000    -2.724151    -2.328362    -2.892154
   20.500000    -0.779704    -0.741077    -1.020064
   21.500000     0.349740     0.073626     0.467329
   22.500000     1.108883     0.089339     0.837431
   23.500000     0.534467    -0.125099     0.716360
   24.500000     0.134746    -0.567431     0.111253
   25.500000    -0.410266    -0.485962    -0.188924
   26.500000    -0.605409    -0.761403    -0.354348
   27.500000    -0.607846    -0.819218    -0.392703
   28.500000    -0.543692    -0.812614    -0.326591
   29.500000    -0.467580    -0.794919    -0.159272
   30.500000    -0.280502    -0.676772    -0.117165
   31.500000    -0.283274    -0.697621     0.013552
   32.500000    -0.533675    -0.676772    -0.086651
   33.500000    -0.431259    -0.598816    -0.074341
   34.500000    -0.187248    -0.550368    -0.135297
   35.500000    -0.338097    -0.547921    -0.105003
   36.500000    -0.346219    -0.581965    -0.086651
   37.500000    -0.370428    -0.545472    -0.165231
   38.500000    -0.495755    -0.567431    -0.348821
   39.500000    -0.543692    -0.453131    -0.509581
   40.500000    -0.321775    -0.359916    -0.462420
   41.500000    -0.444291    -0.503465    -0.493958
   42.500000    -0.446889    -0.480939    -0.430483
   43.500000    -0.436479    -0.435274    -0.430483
   44.500000    -0.375776    -0.679097    -0.581231
   45.500000    -0.439086    -0.752389    -0.616307
   46.500000    -0.370428    -0.601214    -0.571119
   47.500000    -0.441690    -0.672115    -0.670458
   48.500000    -0.513522    -0.572285    -0.751922
   49.500000    -0.551178    -0.530726    -1.057934
   50.500000    -0.354314    -0.515893    -0.998777
   51.500000    -0.543692    -0.523320    -1.032751
   52.500000    -0.490656    -0.520847    -1.011571
   53.500000    -0.343515    -0.681420    -0.849050
   54.500000    -0.184367    -0.565001    -0.853583
   55.500000    -0.668030    -0.475905    -0.766029
   56.500000    -0.420784    -0.525791    -0.675323
   57.500000    -0.441690    -0.567431    -0.675323
   58.500000    -0.459841    -0.572285    -0.803265
   59.500000    -0.277726    -0.608394    -0.694692
   60.500000    -0.518576    -0.625070    -0.586272
   61.500000    -0.381113    -0.246621    -0.519942
   62.500000    -0.108297    -0.006540    -0.229860
   63.500000    -0.020648     0.076760    -0.092783
   64.500000     0.411040     0.536595     0.226763
   65.500000     0.604428     0.831808     0.666201
   66.500000     1.042365     1.597411     1.198783
   67.500000     1.673097     2.034665     1.744631
   68.500000     2.369226     2.886802     2.981826
   69.500000     3.231597     4.167913     4.911622
   70.500000     4.406150     5.170044     6.726439
   71.500000     6.234606     7.313465     8.339583
   72.500000     9.040602    10.195690    11.922028
   73.500000    13.097012    14.626176    14.057548
   74.500000    15.865942    15.913656    16.826478
   75.500000    18.634873    18.682586    16.826478
   76.500000    18.634873    15.913656    16.826478
