           z    400-600ns    600-800ns   800-1000ns
    0.500000    18.608292    18.922841    18.924811
    1.500000    18.608292    18.922841    18.924811
    2.500000    18.608292    18.922841    18.924811
    3.500000    13.070431    14.866431    16.155881
    4.500000     8.418230     7.667015    11.251430
    5.500000     5.318281     4.623859     5.907541
    6.500000     1.933233     1.720026     2.196338
    7.500000    -1.116384    -1.240307    -0.819908
    8.500000    -3.608374    -3.520634    -3.427396
    9.500000    -5.640518    -5.445443    -5.563929
   10.500000    -7.382416    -7.130067    -7.245580
   11.500000    -8.536880    -8.425182    -8.447918
   12.500000    -9.229123    -9.214727    -9.210469
   13.500000    -9.426452    -9.426452    -9.426452
   14.500000    -9.218880    -9.247032    -9.161140
   15.500000    -8.534443    -8.615455    -8.463068
   16.500000    -7.392779    -7.447458    -7.357083
   17.500000    -5.918157    -5.978510    -5.908541
   18.500000    -4.361827    -4.217407    -4.250482
   19.500000    -2.559536    -2.295554    -2.443664
   20.500000    -1.181930    -0.724184    -0.773568
   21.500000    -0.284790     0.435833     0.325267
   22.500000    -0.104997     1.515132     1.086762
   23.500000    -0.509568     1.550702     1.542458
   24.500000    -1.081941     1.358626     1.851131
   25.500000    -1.120405     1.256403     1.794171
   26.500000    -1.387060     1.311647     1.662499
   27.500000    -1.207290     1.013495     1.078269
   28.500000    -1.281874     0.849412     1.108122
   29.500000    -1.024164     1.283874     1.249283
   30.500000    -0.996883     1.387240     1.299692
   31.500000    -1.026251     1.515132     1.186550
   32.500000    -0.921929     1.372893     1.142678
   33.500000    -1.112356     1.455298     1.332304
   34.500000    -1.034579     1.440558     1.408469
   35.500000    -0.962895     1.545590     1.547560
   36.500000    -0.930609     1.460230     1.272071
   37.500000    -0.810832     1.377666     1.244750
   38.500000    -0.958614     1.644543     1.168909
   39.500000    -0.851393     1.445462     1.195417
   40.500000    -0.930609     1.692808     1.173308
   41.500000    -0.975694     1.545590     1.048766
   42.500000    -0.979946     1.550702     0.990776
   43.500000    -0.965032     1.416183     0.982599
   44.500000    -0.996883     1.320973     0.809118
   45.500000    -0.971435     1.445462     0.938097
   46.500000    -0.893512     1.618124     1.235708
   47.500000    -0.884703     1.455298     0.946130
   48.500000    -0.696989     1.510091     1.133994
   49.500000    -0.824425     1.571256     1.186550
   50.500000    -0.864770     1.510091     1.112415
   51.500000    -0.665902     1.591979     1.304325
   52.500000    -0.597614     1.649861     1.290451
   53.500000    -0.499307     1.730996     1.240225
   54.500000    -0.420987     1.602404     1.262931
   55.500000    -0.250978     1.545590     1.442529
   56.500000    -0.000669     1.450375     1.487007
   57.500000    -0.128929     1.860709     1.226698
   58.500000     0.018199     1.581596     1.457268
   59.500000     0.141090     1.820520     1.285844
   60.500000     0.225336     1.698228     1.244750
   61.500000     0.447288     1.937090     1.874281
   62.500000     0.941854     2.633492     2.105504
   63.500000     1.231041     2.689150     2.367162
   64.500000     1.946766     3.274778     2.558025
   65.500000     2.272196     3.866516     3.206733
   66.500000     2.822091     4.729996     3.499280
   67.500000     3.539174     6.115725     4.608566
   68.500000     4.742981     7.052992     4.713964
   69.500000     6.521034    11.249460     6.149200
   70.500000     9.795732    12.458171     8.327350
   71.500000    14.551882    14.018390    11.784011
   72.500000    15.839362    16.153911    14.020360
   73.500000    18.608292    18.922841    18.924811
   74.500000    18.608292    18.922841    18.924811
   75.500000    18.608292    18.922841    18.924811
   76.500000    18.608292    18.922841    18.924811
