           z         mean           se
    0.500000    14.945280     0.361647
    1.500000    14.464960     0.341974
    2.500000    13.562574     0.293470
    3.500000    11.791486     0.209782
    4.500000     9.502004     0.168250
    5.500000     7.225464     0.110325
    6.500000     5.147723     0.070098
    7.500000     3.369281     0.039456
    8.500000     1.961945     0.025563
    9.500000     0.912683     0.021596
   10.500000     0.255889     0.014075
   11.500000     0.000000     0.000000
   12.500000     0.177426     0.006218
   13.500000     0.744984     0.012597
   14.500000     1.696932     0.014213
   15.500000     2.947884     0.017535
   16.500000     4.484080     0.029839
   17.500000     6.278756     0.043222
   18.500000     8.228618     0.070877
   19.500000    10.180013     0.096081
   20.500000    12.075892     0.086745
   21.500000    13.605205     0.144987
   22.500000    14.703939     0.292355
   23.500000    14.881214     0.382489
   24.500000    14.984431     0.449427
   25.500000    14.795644     0.442312
   26.500000    15.057219     0.456960
   27.500000    15.231627     0.486590
   28.500000    15.412107     0.489186
   29.500000    15.403132     0.503487
   30.500000    15.567147     0.505498
   31.500000    15.695004     0.527521
   32.500000    15.865501     0.616811
   33.500000    15.835925     0.610377
   34.500000    15.828610     0.625537
   35.500000    16.048805     0.636338
   36.500000    15.831201     0.641664
   37.500000    15.896666     0.612190
   38.500000    15.738619     0.602570
   39.500000    15.823325     0.645345
   40.500000    15.934276     0.704531
   41.500000    16.145558     0.770101
   42.500000    16.073192     0.794936
   43.500000    15.912094     0.746861
   44.500000    16.082315     0.827394
   45.500000    16.186128     0.962802
   46.500000    16.041622     0.694259
   47.500000    16.064489     0.713195
   48.500000    16.247494     0.897334
   49.500000    16.218192     0.860283
   50.500000    16.392183     0.872027
   51.500000    16.334231     0.856954
   52.500000    16.083417     0.726711
   53.500000    16.252352     0.798283
   54.500000    16.175485     0.791840
   55.500000    16.097699     0.726102
   56.500000    16.074931     0.810255
   57.500000    16.037254     0.793011
   58.500000    16.299039     0.870536
   59.500000    16.485927     0.838130
   60.500000    16.255718     0.770360
   61.500000    16.594245     0.694867
   62.500000    16.924396     0.589909
   63.500000    17.717590     0.872870
   64.500000    18.102931     0.772722
   65.500000    18.571060     0.612565
   66.500000    19.958960     0.679654
   67.500000    20.786012     0.519146
   68.500000    24.394644     0.774006
   69.500000    26.787743     0.939931
   70.500000    27.915400     0.860868
   71.500000    28.997552     0.457275
