           z         mean           se
    0.500000    -1.145256     0.361647
    1.500000    -1.625576     0.341974
    2.500000    -2.527962     0.293470
    3.500000    -4.299050     0.209782
    4.500000    -6.588532     0.168250
    5.500000    -8.865072     0.110325
    6.500000   -10.942813     0.070098
    7.500000   -12.721255     0.039456
    8.500000   -14.128591     0.025563
    9.500000   -15.177853     0.021596
   10.500000   -15.834647     0.014075
   11.500000   -16.090536     0.000000
   12.500000   -15.913110     0.006218
   13.500000   -15.345552     0.012597
   14.500000   -14.393604     0.014213
   15.500000   -13.142652     0.017535
   16.500000   -11.606456     0.029839
   17.500000    -9.811780     0.043222
   18.500000    -7.861918     0.070877
   19.500000    -5.910523     0.096081
   20.500000    -4.014645     0.086745
   21.500000    -2.485331     0.144987
   22.500000    -1.386597     0.292355
   23.500000    -1.209322     0.382489
   24.500000    -1.106105     0.449427
   25.500000    -1.294892     0.442312
   26.500000    -1.033317     0.456960
   27.500000    -0.858909     0.486590
   28.500000    -0.678429     0.489186
   29.500000    -0.687405     0.503487
   30.500000    -0.523389     0.505498
   31.500000    -0.395532     0.527521
   32.500000    -0.225035     0.616811
   33.500000    -0.254611     0.610377
   34.500000    -0.261926     0.625537
   35.500000    -0.041731     0.636338
   36.500000    -0.259335     0.641664
   37.500000    -0.193870     0.612190
   38.500000    -0.351917     0.602570
   39.500000    -0.267211     0.645345
   40.500000    -0.156260     0.704531
   41.500000     0.055022     0.770101
   42.500000    -0.017344     0.794936
   43.500000    -0.178442     0.746861
   44.500000    -0.008221     0.827394
   45.500000     0.095592     0.962802
   46.500000    -0.048914     0.694259
   47.500000    -0.026047     0.713195
   48.500000     0.156958     0.897334
   49.500000     0.127656     0.860283
   50.500000     0.301647     0.872027
   51.500000     0.243695     0.856954
   52.500000    -0.007120     0.726711
   53.500000     0.161815     0.798283
   54.500000     0.084949     0.791840
   55.500000     0.007163     0.726102
   56.500000    -0.015605     0.810255
   57.500000    -0.053282     0.793011
   58.500000     0.208503     0.870536
   59.500000     0.395391     0.838130
   60.500000     0.165182     0.770360
   61.500000     0.503709     0.694867
   62.500000     0.833860     0.589909
   63.500000     1.627054     0.872870
   64.500000     2.012395     0.772722
   65.500000     2.480524     0.612565
   66.500000     3.868424     0.679654
   67.500000     4.695476     0.519146
   68.500000     8.304108     0.774006
   69.500000    10.697207     0.939931
   70.500000    11.824864     0.860868
   71.500000    12.907016     0.457275
