           z    400-600ns    600-800ns   800-1000ns
    0.500000    -0.531518    -1.154800    -1.017692
    1.500000    -1.079754    -2.264387    -1.339119
    2.500000    -2.740002    -3.084801    -2.472194
    3.500000    -4.212721    -4.483234    -4.277340
    4.500000    -6.579426    -6.894560    -6.298844
    5.500000    -8.767532    -9.040089    -8.767301
    6.500000   -10.933123   -11.068676   -10.836162
    7.500000   -12.671178   -12.809762   -12.638883
    8.500000   -14.074618   -14.236113   -14.122171
    9.500000   -15.144560   -15.321457   -15.164379
   10.500000   -15.813685   -15.928034   -15.840323
   11.500000   -16.090536   -16.090536   -16.090536
   12.500000   -15.947817   -15.907970   -15.906927
   13.500000   -15.437438   -15.336423   -15.348024
   14.500000   -14.476695   -14.347536   -14.371481
   15.500000   -13.261686   -13.085030   -13.096962
   16.500000   -11.774859   -11.514782   -11.510682
   17.500000    -9.982559    -9.613644    -9.653764
   18.500000    -8.180101    -7.487797    -7.721648
   19.500000    -6.327852    -5.294455    -5.956373
   20.500000    -4.309258    -3.440450    -4.130305
   21.500000    -1.742471    -2.115843    -2.209416
   22.500000    -0.578193    -1.670732    -0.252089
   23.500000    -0.624020    -1.700977     0.774146
   24.500000     0.108631    -2.199446     1.195187
   25.500000    -0.435492    -2.464584     1.018245
   26.500000    -0.178086    -2.457171     0.748427
   27.500000    -0.123292    -2.081610     1.134815
   28.500000     0.048619    -1.865830     1.225924
   29.500000     0.170107    -1.680854     1.164820
   30.500000     0.648367    -1.567210     1.385495
   31.500000    -0.284223    -1.556620     1.815538
   32.500000     0.432201    -1.619502     1.700955
   33.500000    -0.009997    -1.448200     1.935579
   34.500000     0.170107    -1.710978     1.555857
   35.500000     0.502217    -1.730863     1.591356
   36.500000     0.048619    -1.930696     1.663890
   37.500000     0.297749    -1.492129     1.700955
   38.500000    -0.009997    -1.912333     1.935579
   39.500000     0.502217    -1.567210     1.894927
   40.500000     0.364079    -1.680854     1.591356
   41.500000     0.648367    -1.680854     1.854920
   42.500000     1.055766    -1.680854     1.225924
   43.500000     0.574233    -1.619502     0.879727
   44.500000     0.432201    -1.545986     1.555857
   45.500000     0.968848    -1.967027     1.046886
   46.500000     0.432201    -1.846986     1.257040
   47.500000     0.648367    -1.846986     0.852914
   48.500000     0.432201    -1.650365     0.800129
   49.500000     0.574233    -2.090212     0.528059
   50.500000     0.968848    -1.875199     0.599395
   51.500000     0.724748    -1.993935     0.648100
   52.500000     0.502217    -1.884534     0.748427
   53.500000     0.574233    -2.055626     1.257040
   54.500000     0.432201    -1.650365     0.826384
   55.500000     0.364079    -1.808870     0.852914
   56.500000     0.502217    -1.846986     0.879727
   57.500000     0.108631    -1.556620     0.435979
   58.500000     0.108631    -1.545986     0.504722
   59.500000     0.170107    -1.556620     1.452265
   60.500000     0.803517    -1.903101     1.195187
   61.500000     0.803517    -1.311622     1.195187
   62.500000     1.436927    -1.078994     1.385495
   63.500000     1.055766    -0.661448     1.700955
   64.500000     2.758933    -0.142188     2.018905
   65.500000     2.939037     0.488566     3.466695
   66.500000     4.105029     1.614130     3.964117
   67.500000     5.707968     2.664221     5.577261
   68.500000     8.476898     6.303950    10.007746
   69.500000    11.245829     8.439470    14.064156
   70.500000    11.245829    13.977331    14.064156
   71.500000    11.245829    13.977331    14.064156
