           z    400-600ns    600-800ns   800-1000ns
    0.500000    -0.351455    -3.337968    -1.573987
    1.500000    -1.120689    -2.976502    -2.645861
    2.500000    -1.758265    -3.690336    -3.395538
    3.500000    -3.783168    -5.222330    -5.146335
    4.500000    -6.042945    -7.437524    -7.285466
    5.500000    -8.552332    -9.527529    -9.143373
    6.500000   -10.765592   -11.350813   -11.106750
    7.500000   -12.691797   -12.963474   -12.763080
    8.500000   -14.181537   -14.181157   -14.107774
    9.500000   -15.217024   -15.160802   -15.174778
   10.500000   -15.871253   -15.807386   -15.823753
   11.500000   -16.090536   -16.090536   -16.090536
   12.500000   -15.898877   -15.907964   -15.939647
   13.500000   -15.336873   -15.321477   -15.357651
   14.500000   -14.420495   -14.403436   -14.425502
   15.500000   -13.118191   -13.164675   -13.165367
   16.500000   -11.537057   -11.566816   -11.697258
   17.500000    -9.750939    -9.874531    -9.968522
   18.500000    -7.829991    -8.044655    -8.083218
   19.500000    -5.747749    -5.962990    -5.945857
   20.500000    -3.995757    -3.889474    -3.919661
   21.500000    -2.826707    -2.378716    -2.395048
   22.500000    -2.383027    -0.414135    -1.390014
   23.500000    -2.736105    -0.753783    -1.142488
   24.500000    -2.709610    -1.433309    -1.239671
   25.500000    -2.839388    -1.724647    -1.367460
   26.500000    -2.537385    -1.178155    -1.321738
   27.500000    -2.337131    -1.285676    -1.215724
   28.500000    -2.537385    -0.810905    -0.989303
   29.500000    -2.614617    -1.141271    -1.142488
   30.500000    -2.479691    -0.665597    -1.179372
   31.500000    -2.258730    -0.527248    -0.496662
   32.500000    -2.210491    -0.479391    -0.448191
   33.500000    -2.218596    -0.479391    -0.559872
   34.500000    -2.420645    -0.225446    -0.666814
   35.500000    -2.033992    -0.225446    -0.480608
   36.500000    -2.177812    -0.116243    -0.769402
   37.500000    -2.290384    -0.295706    -0.331331
   38.500000    -2.298235    -0.650595    -0.448191
   39.500000    -2.420645    -0.753783    -0.415352
   40.500000    -2.161312    -0.574213    -0.079981
   41.500000    -2.144703    -0.116243     0.178237
   42.500000    -2.472386    -0.511397    -0.003309
   43.500000    -2.242753    -0.589676    -0.172653
   44.500000    -2.094209    -0.364059    -0.348361
   45.500000    -2.218596    -0.463235    -0.365276
   46.500000    -1.862900    -0.097573    -0.262038
   47.500000    -2.194205     0.179454     0.136748
   48.500000    -2.258730    -0.078764    -0.226663
   49.500000    -2.290384     0.538516    -0.190785
   50.500000    -1.981207     0.420719     0.329075
   51.500000    -2.298235     1.103941     0.199241
   52.500000    -2.194205     0.901041    -0.262038
   53.500000    -2.169575     1.494977    -0.098790
   54.500000    -2.161312     1.566482    -0.559872
   55.500000    -2.202361     1.603010    -0.854129
   56.500000    -2.413167     1.794040    -1.079788
   57.500000    -2.266681     1.874700    -1.275170
   58.500000    -2.068578     1.677694    -0.812122
   59.500000    -1.448626     1.874700    -1.067059
   60.500000    -1.669301     1.259570    -1.434526
   61.500000    -1.313271     1.357779    -0.711293
   62.500000    -0.979201     2.088420    -0.415352
   63.500000    -0.351455     2.634155    -0.003309
   64.500000    -0.006404     2.806067     0.373883
   65.500000     1.010665     2.634155     1.714665
   66.500000     2.923244     4.299407     2.178038
   67.500000     4.639319     5.516381     3.188432
   68.500000     9.942556     9.098826     5.515164
   69.500000    11.230035    14.003277     7.958431
   70.500000    13.998965    14.003277     7.537389
   71.500000    13.998965    14.003277    11.233129
