           z    400-600ns    600-800ns   800-1000ns
    0.500000    -1.334963    -1.629283     0.624358
    1.500000    -1.222175    -2.321768     0.340070
    2.500000    -2.033700    -2.739313    -0.837511
    3.500000    -3.994947    -4.364786    -3.206586
    4.500000    -6.180426    -6.359947    -6.217646
    5.500000    -8.419999    -8.808466    -8.759031
    6.500000   -10.635268   -10.859306   -10.929624
    7.500000   -12.559149   -12.641235   -12.752741
    8.500000   -13.990011   -14.071519   -14.192421
    9.500000   -15.103583   -15.115497   -15.198594
   10.500000   -15.819004   -15.784573   -15.823810
   11.500000   -16.090536   -16.090536   -16.090536
   12.500000   -15.904668   -15.890533   -15.913587
   13.500000   -15.345139   -15.309455   -15.317486
   14.500000   -14.346427   -14.387794   -14.363072
   15.500000   -13.114061   -13.146568   -13.131328
   16.500000   -11.574842   -11.631825   -11.649984
   17.500000    -9.758696    -9.813603    -9.889767
   18.500000    -7.740398    -7.810374    -7.859076
   19.500000    -5.784772    -6.083021    -6.091642
   20.500000    -4.151243    -4.275742    -4.019911
   21.500000    -2.878155    -3.130580    -2.691047
   22.500000    -1.030509    -2.165657    -2.595021
   23.500000    -0.552248    -1.195531    -2.952893
   24.500000    -0.179977    -0.700259    -2.796491
   25.500000    -0.397099    -0.521221    -2.922379
   26.500000     0.428638     0.068393    -2.872776
   27.500000     0.735231     0.402154    -2.958951
   28.500000     0.661096     0.839470    -2.677551
   29.500000     1.628822    -0.083255    -2.487906
   30.500000     1.701356    -0.294881    -2.258969
   31.500000     2.186766    -0.155789    -2.282822
   32.500000     3.153543     0.068393    -2.622832
   33.500000     3.153543    -0.191288    -2.473274
   34.500000     3.287996     0.147782    -2.495190
   35.500000     3.740621     0.447163    -2.186027
   36.500000     3.504161    -0.083255    -2.473274
   37.500000     3.025901     0.357936    -2.717825
   38.500000     2.732502     0.029617    -2.545600
   39.500000     3.153543    -0.008571    -2.790028
   40.500000     4.191892    -0.260821    -2.796491
   41.500000     4.868022    -0.361650    -2.750901
   42.500000     5.140762    -0.226294    -2.684308
   43.500000     4.868022    -0.612330    -2.691047
   44.500000     5.614727    -0.521221    -2.802937
   45.500000     6.960823    -0.458600    -2.643491
   46.500000     4.507352    -0.191288    -2.376036
   47.500000     4.621935    -0.226294    -2.406357
   48.500000     6.680491    -0.083255    -2.202420
   49.500000     6.198957    -0.008571    -2.110910
   50.500000     6.428242     0.107775    -2.282822
   51.500000     5.988803     0.271760    -2.451165
   52.500000     4.741976    -0.294881    -2.322081
   53.500000     5.140762    -0.119783    -2.566899
   54.500000     5.140762    -0.046190    -2.783549
   55.500000     4.507352    -0.083255    -2.314278
   56.500000     5.000705    -0.226294    -2.750901
   57.500000     5.000705    -0.083255    -2.717825
   58.500000     6.198957     0.271760    -2.458556
   59.500000     5.988803     0.314480    -2.169527
   60.500000     5.140762     0.188434    -2.093909
   61.500000     5.000705     1.179813    -1.667434
   62.500000     4.094942     1.795931    -0.823431
   63.500000     7.636952     2.957365    -0.325495
   64.500000     6.960823     3.356151    -0.014619
   65.500000     5.988803     3.830115     0.252012
   66.500000     7.636952     6.273382     1.821521
   67.500000     6.960823     5.491671     2.513209
   68.500000    11.332692     9.548081     4.511063
   69.500000    11.332692    12.317011     5.683959
   70.500000    11.332692    12.317011     7.947121
   71.500000    14.101623    12.317011    11.221820
