           z         mean           se
    0.500000   -27.175384     0.000000
    1.500000   -27.088452     0.007280
    2.500000   -26.894485     0.008159
    3.500000   -26.574382     0.011169
    4.500000   -26.164964     0.014546
    5.500000   -25.749827     0.023735
    6.500000   -25.379468     0.026704
    7.500000   -25.124806     0.029248
    8.500000   -24.977271     0.030805
    9.500000   -24.856487     0.046133
   10.500000   -24.655701     0.059206
   11.500000   -24.250554     0.074259
   12.500000   -23.549537     0.087449
   13.500000   -22.497932     0.098967
   14.500000   -21.069929     0.088550
   15.500000   -19.287640     0.068855
   16.500000   -17.131758     0.097264
   17.500000   -14.848601     0.145297
   18.500000   -12.086411     0.247926
   19.500000    -8.534476     0.757447
   20.500000    -5.893914     0.726641
   21.500000    -2.845528     0.948659
   22.500000    -0.307659     0.564538
   23.500000    -0.307659     0.564538
   24.500000    -0.307659     0.564538
   25.500000     0.000000     0.366807
   26.500000     0.000000     0.366807
   27.500000     0.000000     0.366807
   28.500000     0.000000     0.366807
   29.500000     0.000000     0.366807
   30.500000     0.000000     0.366807
   31.500000     0.000000     0.366807
   32.500000     0.000000     0.366807
   33.500000     0.000000     0.366807
   34.500000     0.000000     0.366807
   35.500000     0.000000     0.366807
   36.500000     0.000000     0.366807
   37.500000     0.000000     0.366807
   38.500000     0.000000     0.366807
   39.500000     0.000000     0.366807
   40.500000     0.000000     0.366807
   41.500000     0.000000     0.366807
   42.500000     0.000000     0.366807
   43.500000     0.000000     0.366807
   44.500000     0.000000     0.366807
   45.500000     0.000000     0.366807
   46.500000     0.000000     0.366807
   47.500000     0.000000     0.366807
   48.500000     0.000000     0.366807
   49.500000     0.000000     0.366807
   50.500000     0.000000     0.366807
