           z         mean           se
    0.500000     0.000000     0.000000
    1.500000     0.086932     0.007280
    2.500000     0.280899     0.008159
    3.500000     0.601002     0.011169
    4.500000     1.010420     0.014546
    5.500000     1.425557     0.023735
    6.500000     1.795916     0.026704
    7.500000     2.050578     0.029248
    8.500000     2.198113     0.030805
    9.500000     2.318897     0.046133
   10.500000     2.519683     0.059206
   11.500000     2.924830     0.074259
   12.500000     3.625847     0.087449
   13.500000     4.677452     0.098967
   14.500000     6.105455     0.088550
   15.500000     7.887745     0.068855
   16.500000    10.043626     0.097264
   17.500000    12.326783     0.145297
   18.500000    15.088973     0.247926
   19.500000    18.640909     0.757447
   20.500000    21.281470     0.726641
   21.500000    24.329856     0.948659
   22.500000    26.867725     0.564538
   23.500000    26.867725     0.564538
   24.500000    26.867725     0.564538
   25.500000    27.175384     0.366807
   26.500000    27.175384     0.366807
   27.500000    27.175384     0.366807
   28.500000    27.175384     0.366807
   29.500000    27.175384     0.366807
   30.500000    27.175384     0.366807
   31.500000    27.175384     0.366807
   32.500000    27.175384     0.366807
   33.500000    27.175384     0.366807
   34.500000    27.175384     0.366807
   35.500000    27.175384     0.366807
   36.500000    27.175384     0.366807
   37.500000    27.175384     0.366807
   38.500000    27.175384     0.366807
   39.500000    27.175384     0.366807
   40.500000    27.175384     0.366807
   41.500000    27.175384     0.366807
   42.500000    27.175384     0.366807
   43.500000    27.175384     0.366807
   44.500000    27.175384     0.366807
   45.500000    27.175384     0.366807
   46.500000    27.175384     0.366807
   47.500000    27.175384     0.366807
   48.500000    27.175384     0.366807
   49.500000    27.175384     0.366807
   50.500000    27.175384     0.366807
