           z    400-600ns    600-800ns   800-1000ns
    0.500000   -27.175384   -27.175384   -27.175384
    1.500000   -27.050695   -27.096086   -27.068612
    2.500000   -26.884538   -26.889164   -26.885859
    3.500000   -26.501411   -26.611086   -26.560803
    4.500000   -26.082633   -26.238978   -26.142817
    5.500000   -25.716873   -25.918939   -25.674293
    6.500000   -25.436159   -25.530670   -25.319530
    7.500000   -25.193568   -25.299668   -25.071077
    8.500000   -24.985136   -25.170564   -24.906137
    9.500000   -24.723085   -25.110991   -24.791805
   10.500000   -24.474189   -24.931026   -24.542298
   11.500000   -23.986060   -24.513918   -24.146489
   12.500000   -23.199876   -23.823386   -23.476254
   13.500000   -22.077578   -22.843338   -22.562004
   14.500000   -20.769911   -21.458581   -21.072738
   15.500000   -19.171450   -19.617571   -19.177504
   16.500000   -17.130603   -17.476492   -16.682606
   17.500000   -15.274976   -15.374509   -14.333944
   18.500000   -12.316249   -13.122736   -12.339056
   19.500000    -9.050920   -10.397262    -9.785905
   20.500000    -5.706689    -8.837042    -6.405625
   21.500000    -2.010949    -5.220071    -7.167491
   22.500000     0.757981    -3.932591     0.735175
   23.500000     0.757981    -3.932591     0.735175
   24.500000     0.757981    -3.932591     0.735175
   25.500000     0.757981    -1.163661     0.735175
   26.500000     0.757981    -1.163661     0.735175
   27.500000     0.757981    -1.163661     0.735175
   28.500000     0.757981    -1.163661     0.735175
   29.500000     0.757981    -1.163661     0.735175
   30.500000     0.757981    -1.163661     0.735175
   31.500000     0.757981    -1.163661     0.735175
   32.500000     0.757981    -1.163661     0.735175
   33.500000     0.757981    -1.163661     0.735175
   34.500000     0.757981    -1.163661     0.735175
   35.500000     0.757981    -1.163661     0.735175
   36.500000     0.757981    -1.163661     0.735175
   37.500000     0.757981    -1.163661     0.735175
   38.500000     0.757981    -1.163661     0.735175
   39.500000     0.757981    -1.163661     0.735175
   40.500000     0.757981    -1.163661     0.735175
   41.500000     0.757981    -1.163661     0.735175
   42.500000     0.757981    -1.163661     0.735175
   43.500000     0.757981    -1.163661     0.735175
   44.500000     0.757981    -1.163661     0.735175
   45.500000     0.757981    -1.163661     0.735175
   46.500000     0.757981    -1.163661     0.735175
   47.500000     0.757981    -1.163661     0.735175
   48.500000     0.757981    -1.163661     0.735175
   49.500000     0.757981    -1.163661     0.735175
   50.500000     0.757981    -1.163661     0.735175
