           z    400-600ns    600-800ns   800-1000ns
    0.500000   -27.175384   -27.175384   -27.175384
    1.500000   -27.069186   -27.106060   -27.115036
    2.500000   -26.875950   -26.861964   -26.892576
    3.500000   -26.571911   -26.598289   -26.586578
    4.500000   -26.163258   -26.201958   -26.158210
    5.500000   -25.704545   -25.793719   -25.738161
    6.500000   -25.323290   -25.462658   -25.332920
    7.500000   -24.995798   -25.128913   -25.100510
    8.500000   -24.896667   -24.965401   -24.906145
    9.500000   -24.781949   -24.857793   -24.758049
   10.500000   -24.576128   -24.659500   -24.557681
   11.500000   -24.211089   -24.209949   -24.059993
   12.500000   -23.579966   -23.459855   -23.439918
   13.500000   -22.494790   -22.507781   -22.354323
   14.500000   -21.035843   -21.133508   -20.869899
   15.500000   -19.308925   -19.408314   -19.210765
   16.500000   -17.341894   -17.325506   -16.862734
   17.500000   -15.331284   -14.945663   -14.140263
   18.500000   -12.712869   -12.537402   -10.747768
   19.500000    -9.714654    -7.885200    -3.326636
   20.500000    -6.945724    -5.116270    -2.039157
   21.500000    -2.041273    -1.059860     0.729774
   22.500000    -2.041273    -1.059860     0.729774
   23.500000    -2.041273    -1.059860     0.729774
   24.500000    -2.041273    -1.059860     0.729774
   25.500000    -2.041273    -1.059860     0.729774
   26.500000    -2.041273    -1.059860     0.729774
   27.500000    -2.041273    -1.059860     0.729774
   28.500000    -2.041273    -1.059860     0.729774
   29.500000    -2.041273    -1.059860     0.729774
   30.500000    -2.041273    -1.059860     0.729774
   31.500000    -2.041273    -1.059860     0.729774
   32.500000    -2.041273    -1.059860     0.729774
   33.500000    -2.041273    -1.059860     0.729774
   34.500000    -2.041273    -1.059860     0.729774
   35.500000    -2.041273    -1.059860     0.729774
   36.500000    -2.041273    -1.059860     0.729774
   37.500000    -2.041273    -1.059860     0.729774
   38.500000    -2.041273    -1.059860     0.729774
   39.500000    -2.041273    -1.059860     0.729774
   40.500000    -2.041273    -1.059860     0.729774
   41.500000    -2.041273    -1.059860     0.729774
   42.500000    -2.041273    -1.059860     0.729774
   43.500000    -2.041273    -1.059860     0.729774
   44.500000    -2.041273    -1.059860     0.729774
   45.500000    -2.041273    -1.059860     0.729774
   46.500000    -2.041273    -1.059860     0.729774
   47.500000    -2.041273    -1.059860     0.729774
   48.500000    -2.041273    -1.059860     0.729774
   49.500000    -2.041273    -1.059860     0.729774
   50.500000    -2.041273    -1.059860     0.729774
