           z    400-600ns    600-800ns   800-1000ns
    0.500000   -27.175384   -27.175384   -27.175384
    1.500000   -27.085869   -27.111270   -27.093258
    2.500000   -26.923743   -26.942758   -26.893812
    3.500000   -26.570649   -26.608704   -26.560009
    4.500000   -26.176312   -26.181437   -26.139071
    5.500000   -25.744259   -25.720306   -25.737352
    6.500000   -25.377343   -25.289371   -25.343271
    7.500000   -25.135491   -25.050553   -25.147676
    8.500000   -24.958501   -24.924636   -25.082253
    9.500000   -24.724153   -24.941065   -25.019493
   10.500000   -24.474205   -24.766947   -24.919336
   11.500000   -24.068325   -24.433542   -24.625624
   12.500000   -23.239645   -23.733344   -23.993588
   13.500000   -22.051592   -22.729216   -22.860769
   14.500000   -20.667743   -21.329235   -21.291906
   15.500000   -18.892204   -19.444965   -19.357058
   16.500000   -16.756684   -17.359564   -17.249736
   17.500000   -14.825336   -14.780655   -14.630776
   18.500000   -12.128717   -11.420322   -11.452582
   19.500000   -10.989539    -7.988048    -7.672115
   20.500000    -8.854019    -4.237514    -4.903185
   21.500000    -6.085088     0.666936    -3.421734
   22.500000     0.740252     0.666936     0.634676
   23.500000     0.740252     0.666936     0.634676
   24.500000     0.740252     0.666936     0.634676
   25.500000     0.740252     0.666936     0.634676
   26.500000     0.740252     0.666936     0.634676
   27.500000     0.740252     0.666936     0.634676
   28.500000     0.740252     0.666936     0.634676
   29.500000     0.740252     0.666936     0.634676
   30.500000     0.740252     0.666936     0.634676
   31.500000     0.740252     0.666936     0.634676
   32.500000     0.740252     0.666936     0.634676
   33.500000     0.740252     0.666936     0.634676
   34.500000     0.740252     0.666936     0.634676
   35.500000     0.740252     0.666936     0.634676
   36.500000     0.740252     0.666936     0.634676
   37.500000     0.740252     0.666936     0.634676
   38.500000     0.740252     0.666936     0.634676
   39.500000     0.740252     0.666936     0.634676
   40.500000     0.740252     0.666936     0.634676
   41.500000     0.740252     0.666936     0.634676
   42.500000     0.740252     0.666936     0.634676
   43.500000     0.740252     0.666936     0.634676
   44.500000     0.740252     0.666936     0.634676
   45.500000     0.740252     0.666936     0.634676
   46.500000     0.740252     0.666936     0.634676
   47.500000     0.740252     0.666936     0.634676
   48.500000     0.740252     0.666936     0.634676
   49.500000     0.740252     0.666936     0.634676
   50.500000     0.740252     0.666936     0.634676
