           z         mean           se
    0.500000     0.000000     0.000000
    1.500000     0.132298     0.004235
    2.500000     0.398741     0.008894
    3.500000     0.795918     0.013313
    4.500000     1.283896     0.013911
    5.500000     1.784117     0.013656
    6.500000     2.192715     0.015926
    7.500000     2.484200     0.019455
    8.500000     2.657770     0.023901
    9.500000     2.788302     0.022754
   10.500000     2.958741     0.021133
   11.500000     3.305059     0.015201
   12.500000     3.897704     0.028399
   13.500000     4.812259     0.028211
   14.500000     6.071735     0.048708
   15.500000     7.721817     0.078327
   16.500000     9.743611     0.090016
   17.500000    12.114475     0.137102
   18.500000    14.592543     0.277949
   19.500000    17.073793     0.294427
   20.500000    19.308188     0.541366
   21.500000    21.769460     0.813387
   22.500000    23.151911     1.076226
   23.500000    24.705330     1.543813
   24.500000    24.713178     1.813780
   25.500000    24.989314     2.009300
   26.500000    24.918932     2.120678
   27.500000    24.858710     2.161385
   28.500000    24.359269     2.195344
   29.500000    24.680450     2.234074
   30.500000    24.385461     2.187490
   31.500000    24.338311     2.230954
   32.500000    24.455146     2.211319
   33.500000    24.269926     2.234706
   34.500000    24.212026     2.241135
   35.500000    24.337213     2.262814
   36.500000    24.294026     2.250420
   37.500000    24.439724     2.264461
   38.500000    24.934532     2.320201
   39.500000    24.133000     2.250530
   40.500000    24.181872     2.262069
   41.500000    24.227316     2.238083
   42.500000    24.246456     2.226421
   43.500000    24.313344     2.199441
   44.500000    24.180798     2.229562
   45.500000    24.365420     2.197400
   46.500000    24.368461     2.218268
   47.500000    24.392842     2.237582
   48.500000    24.246761     2.183433
   49.500000    24.299479     2.206046
   50.500000    24.217558     2.241348
   51.500000    24.181270     2.233567
   52.500000    24.007855     2.249742
   53.500000    24.090306     2.259480
   54.500000    24.264069     2.249453
   55.500000    23.843462     2.344884
   56.500000    24.032816     2.291891
   57.500000    23.835440     2.337053
   58.500000    23.932143     2.305263
   59.500000    23.750731     2.342953
   60.500000    23.790988     2.345744
   61.500000    23.587358     2.388527
   62.500000    23.731721     2.342023
   63.500000    23.749562     2.344092
   64.500000    24.049551     2.249331
   65.500000    24.121881     2.188103
   66.500000    24.548281     2.060569
   67.500000    24.940911     1.936289
   68.500000    25.734956     1.709189
   69.500000    26.291446     1.640647
   70.500000    26.898805     1.342051
   71.500000    27.702630     0.951697
   72.500000    29.329721     0.339493
