           z         mean           se
    0.500000   -24.282275     0.000000
    1.500000   -24.149977     0.004235
    2.500000   -23.883534     0.008894
    3.500000   -23.486356     0.013313
    4.500000   -22.998378     0.013911
    5.500000   -22.498157     0.013656
    6.500000   -22.089560     0.015926
    7.500000   -21.798075     0.019455
    8.500000   -21.624505     0.023901
    9.500000   -21.493973     0.022754
   10.500000   -21.323534     0.021133
   11.500000   -20.977216     0.015201
   12.500000   -20.384571     0.028399
   13.500000   -19.470015     0.028211
   14.500000   -18.210540     0.048708
   15.500000   -16.560458     0.078327
   16.500000   -14.538664     0.090016
   17.500000   -12.167800     0.137102
   18.500000    -9.689731     0.277949
   19.500000    -7.208482     0.294427
   20.500000    -4.974086     0.541366
   21.500000    -2.512815     0.813387
   22.500000    -1.130364     1.076226
   23.500000     0.423055     1.543813
   24.500000     0.430903     1.813780
   25.500000     0.707040     2.009300
   26.500000     0.636657     2.120678
   27.500000     0.576435     2.161385
   28.500000     0.076994     2.195344
   29.500000     0.398175     2.234074
   30.500000     0.103186     2.187490
   31.500000     0.056036     2.230954
   32.500000     0.172871     2.211319
   33.500000    -0.012349     2.234706
   34.500000    -0.070249     2.241135
   35.500000     0.054939     2.262814
   36.500000     0.011751     2.250420
   37.500000     0.157449     2.264461
   38.500000     0.652257     2.320201
   39.500000    -0.149275     2.250530
   40.500000    -0.100403     2.262069
   41.500000    -0.054959     2.238083
   42.500000    -0.035819     2.226421
   43.500000     0.031069     2.199441
   44.500000    -0.101477     2.229562
   45.500000     0.083145     2.197400
   46.500000     0.086186     2.218268
   47.500000     0.110567     2.237582
   48.500000    -0.035514     2.183433
   49.500000     0.017204     2.206046
   50.500000    -0.064717     2.241348
   51.500000    -0.101004     2.233567
   52.500000    -0.274420     2.249742
   53.500000    -0.191969     2.259480
   54.500000    -0.018206     2.249453
   55.500000    -0.438813     2.344884
   56.500000    -0.249459     2.291891
   57.500000    -0.446835     2.337053
   58.500000    -0.350132     2.305263
   59.500000    -0.531544     2.342953
   60.500000    -0.491286     2.345744
   61.500000    -0.694917     2.388527
   62.500000    -0.550554     2.342023
   63.500000    -0.532712     2.344092
   64.500000    -0.232724     2.249331
   65.500000    -0.160394     2.188103
   66.500000     0.266006     2.060569
   67.500000     0.658636     1.936289
   68.500000     1.452681     1.709189
   69.500000     2.009172     1.640647
   70.500000     2.616530     1.342051
   71.500000     3.420355     0.951697
   72.500000     5.047446     0.339493
