           z    400-600ns    600-800ns   800-1000ns
    0.500000   -24.282275   -24.282275   -24.282275
    1.500000   -24.122521   -24.154271   -24.144142
    2.500000   -23.867205   -23.874113   -23.863055
    3.500000   -23.457508   -23.500405   -23.462294
    4.500000   -22.977690   -23.021735   -22.951973
    5.500000   -22.454780   -22.535839   -22.457765
    6.500000   -22.048793   -22.142162   -22.052104
    7.500000   -21.739423   -21.776812   -21.767623
    8.500000   -21.536640   -21.639806   -21.572149
    9.500000   -21.441468   -21.519782   -21.452872
   10.500000   -21.279397   -21.352521   -21.333224
   11.500000   -20.921277   -20.977117   -20.958723
   12.500000   -20.301222   -20.329572   -20.380945
   13.500000   -19.379665   -19.405712   -19.404717
   14.500000   -18.176894   -18.061973   -18.126692
   15.500000   -16.553242   -16.418315   -16.565811
   16.500000   -14.711837   -14.404894   -14.728381
   17.500000   -12.305185   -12.184213   -12.104458
   18.500000   -10.182184    -9.114826    -9.642323
   19.500000    -7.200564    -6.615181    -7.268008
   20.500000    -5.738063    -5.043413    -4.981972
   21.500000    -3.525871    -3.258512    -3.561810
   22.500000    -2.911849    -3.546870    -3.273451
   23.500000    -0.889624    -2.932848    -5.342642
   24.500000    -3.784600    -0.910622    -7.506803
   25.500000    -5.306703     1.497638    -8.367020
   26.500000    -6.339810     2.785118    -8.927403
   27.500000    -5.848868     2.785118    -9.452254
   28.500000    -7.413253    -0.489581    -9.491432
   29.500000    -7.636195     2.785118    -9.580546
   30.500000    -7.354294    -0.489581    -9.796198
   31.500000    -7.582281     0.016187    -9.654499
   32.500000    -7.442223     0.649597    -9.714511
   33.500000    -7.766141    -0.489581    -9.358399
   34.500000    -7.937496    -0.910622    -9.385573
   35.500000    -7.937496     0.649597    -9.246674
   36.500000    -7.889714     0.016187    -9.642323
   37.500000    -7.841010     1.497638    -9.317080
   38.500000    -7.609382     5.554048    -9.217951
   39.500000    -7.470865    -1.586752    -9.330929
   40.500000    -7.232069    -0.910622    -9.232353
   41.500000    -7.293923    -0.910622    -8.975565
   42.500000    -7.470865    -0.910622    -8.845030
   43.500000    -6.861747    -0.910622    -9.159505
   44.500000    -7.200564    -1.586752    -8.911142
   45.500000    -6.788154    -0.489581    -9.555405
   46.500000    -7.136347     0.016187    -9.439058
   47.500000    -7.554885     0.649597    -9.144679
   48.500000    -6.470204    -2.119333    -9.372023
   49.500000    -7.070451    -0.910622    -9.568007
   50.500000    -7.470865    -0.910622    -9.412458
   51.500000    -6.933253    -1.586752    -9.617794
   52.500000    -6.594182    -3.406813    -9.530010
   53.500000    -6.712347    -2.119333    -9.973529
   54.500000    -6.750536    -0.489581    -9.738121
   55.500000    -7.499184    -2.752743   -10.341323
   56.500000    -7.200564    -1.867084    -9.919441
   57.500000    -7.889714    -2.932848   -10.149201
   58.500000    -7.168660    -2.752743   -10.149201
   59.500000    -7.168660    -4.149822   -10.178969
   60.500000    -7.413253    -3.406813   -10.218122
   61.500000    -8.007511    -4.888264   -10.129158
   62.500000    -7.740682    -4.254853   -10.036938
   63.500000    -8.163691    -3.805599    -9.952033
   64.500000    -7.002785    -2.752743    -9.784689
   65.500000    -7.103614    -3.406813    -8.878303
   66.500000    -6.006443    -1.586752    -8.466260
   67.500000    -6.294802     0.016187    -7.072783
   68.500000    -4.867265     2.785118    -5.774002
   69.500000    -4.431634     5.554048    -4.467572
   70.500000    -2.098334     5.554048    -2.947787
   71.500000    -0.468582     5.554048    -0.925562
   72.500000     2.806116     5.554048     5.539108
