           z    400-600ns    600-800ns   800-1000ns
    0.500000   -24.282275   -24.282275   -24.282275
    1.500000   -24.156245   -24.144290   -24.150145
    2.500000   -23.891396   -23.855042   -23.884412
    3.500000   -23.531923   -23.466740   -23.472315
    4.500000   -23.043758   -22.963032   -23.010232
    5.500000   -22.536357   -22.452462   -22.512492
    6.500000   -22.139957   -22.056834   -22.096628
    7.500000   -21.886555   -21.769968   -21.832301
    8.500000   -21.719867   -21.586906   -21.632302
    9.500000   -21.514775   -21.463095   -21.511524
   10.500000   -21.282954   -21.307101   -21.296718
   11.500000   -21.008872   -20.998042   -20.956509
   12.500000   -20.433199   -20.403821   -20.414551
   13.500000   -19.537702   -19.530059   -19.514361
   14.500000   -18.130836   -18.399042   -18.284317
   15.500000   -16.424165   -16.845536   -16.664983
   16.500000   -14.292236   -14.860391   -14.484199
   17.500000   -11.821774   -12.612939   -12.145311
   18.500000    -9.495575   -10.556529    -9.728049
   19.500000    -7.110532    -8.146591    -6.713031
   20.500000    -5.062496    -6.299429    -4.498743
   21.500000    -2.771826    -2.542400    -3.332751
   22.500000    -0.508664    -1.570380    -0.248361
   23.500000     5.534965     1.514010     1.039118
   24.500000     5.534965     2.801489     3.808049
   25.500000     5.534965     5.570420     3.808049
   26.500000     5.534965     5.570420     3.808049
   27.500000     5.534965     5.570420     3.808049
   28.500000     5.534965     5.570420     3.808049
   29.500000     5.534965     5.570420     3.808049
   30.500000     5.534965     5.570420     3.808049
   31.500000     5.534965     5.570420     3.808049
   32.500000     5.534965     5.570420     3.808049
   33.500000     5.534965     5.570420     3.808049
   34.500000     5.534965     5.570420     3.808049
   35.500000     5.534965     5.570420     3.808049
   36.500000     5.534965     5.570420     3.808049
   37.500000     5.534965     5.570420     3.808049
   38.500000     5.534965     5.570420     3.808049
   39.500000     5.534965     5.570420     3.808049
   40.500000     5.534965     5.570420     3.808049
   41.500000     5.534965     5.570420     3.808049
   42.500000     5.534965     5.570420     3.808049
   43.500000     5.534965     5.570420     3.808049
   44.500000     5.534965     5.570420     3.808049
   45.500000     5.534965     5.570420     3.808049
   46.500000     5.534965     5.570420     3.808049
   47.500000     5.534965     5.570420     3.808049
   48.500000     5.534965     5.570420     3.808049
   49.500000     5.534965     5.570420     3.808049
   50.500000     5.534965     5.570420     3.808049
   51.500000     5.534965     5.570420     3.808049
   52.500000     5.534965     5.570420     3.808049
   53.500000     5.534965     5.570420     3.808049
   54.500000     5.534965     5.570420     3.808049
   55.500000     5.534965     5.570420     3.808049
   56.500000     5.534965     5.570420     3.808049
   57.500000     5.534965     5.570420     3.808049
   58.500000     5.534965     5.570420     3.808049
   59.500000     5.534965     5.570420     3.808049
   60.500000     5.534965     5.570420     3.808049
   61.500000     5.534965     5.570420     3.808049
   62.500000     5.534965     5.570420     3.808049
   63.500000     5.534965     5.570420     3.808049
   64.500000     5.534965     5.570420     3.808049
   65.500000     5.534965     5.570420     3.808049
   66.500000     5.534965     5.570420     3.808049
   67.500000     5.534965     5.570420     3.808049
   68.500000     5.534965     5.570420     3.808049
   69.500000     5.534965     5.570420     3.808049
   70.500000     5.534965     5.570420     3.808049
   71.500000     5.534965     5.570420     3.808049
   72.500000     5.534965     5.570420     3.808049
