           z    400-600ns    600-800ns   800-1000ns
    0.500000   -24.282275   -24.282275   -24.282275
    1.500000   -24.163708   -24.164959   -24.149511
    2.500000   -23.915921   -23.935207   -23.865457
    3.500000   -23.524839   -23.539531   -23.421654
    4.500000   -23.020958   -23.056523   -22.939503
    5.500000   -22.480026   -22.564039   -22.489657
    6.500000   -22.064474   -22.165009   -22.040080
    7.500000   -21.758454   -21.894828   -21.756708
    8.500000   -21.594002   -21.755744   -21.583126
    9.500000   -21.394929   -21.636758   -21.510550
   10.500000   -21.236537   -21.453693   -21.369662
   11.500000   -20.907211   -21.038269   -21.028919
   12.500000   -20.281534   -20.350891   -20.565400
   13.500000   -19.380671   -19.457414   -19.619837
   14.500000   -17.992718   -18.346815   -18.375574
   15.500000   -16.072640   -16.772844   -16.726581
   16.500000   -14.002769   -14.727780   -14.635490
   17.500000   -11.340173   -12.731205   -12.264940
   18.500000    -7.980346   -10.818718    -9.689032
   19.500000    -5.950963    -8.963254    -6.908213
   20.500000    -3.654512    -7.631604    -1.856545
   21.500000    -0.464540    -5.953284     2.795657
   22.500000     1.522679    -5.200965     5.564587
   23.500000     5.579089    -6.259160     5.564587
   24.500000     5.579089    -7.208030     5.564587
   25.500000     5.579089    -7.517669     5.564587
   26.500000     5.579089    -7.845098     5.564587
   27.500000     5.579089    -8.353192     5.564587
   28.500000     5.579089    -7.969895     5.564587
   29.500000     5.579089    -8.041911     5.564587
   30.500000     5.579089    -7.488362     5.564587
   31.500000     5.579089    -8.332188     5.564587
   32.500000     5.579089    -7.994130     5.564587
   33.500000     5.579089    -8.554126     5.564587
   34.500000     5.579089    -8.455661     5.564587
   35.500000     5.579089    -9.028091     5.564587
   36.500000     5.579089    -8.435497     5.564587
   37.500000     5.579089    -8.979620     5.564587
   38.500000     5.579089    -8.913508     5.564587
   39.500000     5.579089    -9.012037     5.564587
   40.500000     5.579089    -9.585694     5.564587
   41.500000     5.579089    -9.371633     5.564587
   42.500000     5.579089    -9.152965     5.564587
   43.500000     5.579089    -8.845614     5.564587
   44.500000     5.579089    -9.271944     5.564587
   45.500000     5.579089    -8.475664     5.564587
   46.500000     5.579089    -8.722214     5.564587
   47.500000     5.579089    -9.012037     5.564587
   48.500000     5.579089    -8.415171     5.564587
   49.500000     5.579089    -8.353192     5.564587
   50.500000     5.579089    -8.845614     5.564587
   51.500000     5.579089    -8.828351     5.564587
   52.500000     5.579089    -8.995881     5.564587
   53.500000     5.579089    -8.979620     5.564587
   54.500000     5.579089    -9.242721     5.564587
   55.500000     5.579089    -9.413179     5.564587
   56.500000     5.579089    -9.315151     5.564587
   57.500000     5.579089    -9.106859     5.564587
   58.500000     5.579089    -9.137690     5.564587
   59.500000     5.579089    -9.343550     5.564587
   60.500000     5.579089    -9.440500     5.564587
   61.500000     5.579089    -9.286429     5.564587
   62.500000     5.579089    -8.979620     5.564587
   63.500000     5.579089    -8.930199     5.564587
   64.500000     5.579089    -8.611410     5.564587
   65.500000     5.579089    -8.111927     5.564587
   66.500000     5.579089    -7.603600     5.564587
   67.500000     5.579089    -6.777987     5.564587
   68.500000     5.579089    -5.126831     5.564587
   69.500000     5.579089    -4.629408     5.564587
   70.500000     5.579089    -3.016265     5.564587
   71.500000     5.579089     0.566180     5.564587
   72.500000     5.579089     5.470631     5.564587
