           z         mean           se
    0.500000    24.348948     0.359788
    1.500000    24.348948     0.359788
    2.500000    24.348948     0.359788
    3.500000    24.348948     0.359788
    4.500000    23.733631     0.574083
    5.500000    23.425972     0.823410
    6.500000    19.346447     1.024874
    7.500000    15.658560     0.556992
    8.500000    12.138365     0.387157
    9.500000     9.099444     0.338342
   10.500000     6.493729     0.244962
   11.500000     4.512006     0.187244
   12.500000     3.029291     0.167377
   13.500000     2.090821     0.176291
   14.500000     1.543595     0.166102
   15.500000     1.424726     0.155386
   16.500000     1.564079     0.130117
   17.500000     1.993114     0.102785
   18.500000     2.601346     0.077225
   19.500000     3.146890     0.080460
   20.500000     3.232205     0.050926
   21.500000     3.008981     0.032698
   22.500000     2.395799     0.047852
   23.500000     1.742507     0.045524
   24.500000     1.163547     0.038322
   25.500000     0.727397     0.032616
   26.500000     0.395964     0.028163
   27.500000     0.203843     0.025167
   28.500000     0.070805     0.013236
   29.500000     0.005060     0.014575
   30.500000    -0.031873     0.009931
   31.500000    -0.034613     0.015218
   32.500000    -0.038878     0.000000
   33.500000    -0.036161     0.011566
   34.500000    -0.027744     0.019653
   35.500000    -0.012526     0.020941
   36.500000    -0.013131     0.021033
   37.500000    -0.010407     0.022676
   38.500000    -0.014394     0.021688
   39.500000    -0.005139     0.016879
   40.500000    -0.017833     0.021125
   41.500000     0.005432     0.027709
   42.500000    -0.005582     0.026510
   43.500000     0.005069     0.030883
   44.500000    -0.016180     0.031827
   45.500000    -0.009797     0.029777
   46.500000    -0.002144     0.033292
   47.500000     0.004938     0.031317
   48.500000     0.000207     0.027691
   49.500000     0.035890     0.026803
   50.500000     0.031247     0.025408
   51.500000     0.046913     0.032088
   52.500000     0.038363     0.027565
   53.500000     0.018576     0.033839
   54.500000     0.034860     0.033050
   55.500000     0.037903     0.041917
   56.500000     0.021174     0.039552
   57.500000     0.040028     0.046256
   58.500000     0.039924     0.048203
   59.500000     0.053146     0.048873
   60.500000     0.049587     0.052511
   61.500000     0.057438     0.049101
   62.500000     0.117161     0.051676
   63.500000     0.163141     0.056552
   64.500000     0.339722     0.067241
   65.500000     0.595936     0.071833
   66.500000     0.941046     0.085260
   67.500000     1.411981     0.096642
   68.500000     2.063771     0.106684
   69.500000     2.842132     0.126523
   70.500000     3.926223     0.152949
   71.500000     5.306816     0.177133
   72.500000     7.056920     0.231785
   73.500000     9.287725     0.290806
   74.500000    11.950027     0.417201
   75.500000    14.833071     0.594109
   76.500000    18.723637     0.572999
   77.500000    22.604696     0.921589
   78.500000    23.804009     0.577439
