           z    400-600ns    600-800ns   800-1000ns
    0.500000    25.031377    25.046534    23.203084
    1.500000    25.031377    25.046534    23.203084
    2.500000    25.031377    25.046534    23.203084
    3.500000    25.031377    25.046534    23.203084
    4.500000    25.031377    22.277603    20.434154
    5.500000    25.031377    22.277603    17.665223
    6.500000    22.262446    17.143868    16.062284
    7.500000    16.376393    15.039853    13.608813
    8.500000    12.523077    11.730805    10.993848
    9.500000    10.469445     8.725924     7.766499
   10.500000     7.593573     6.504237     5.464823
   11.500000     5.603182     4.213231     3.781689
   12.500000     3.786422     2.629887     2.253269
   13.500000     2.754056     1.874313     1.318855
   14.500000     1.927721     1.437828     0.795443
   15.500000     1.776984     1.317496     0.583235
   16.500000     1.864286     1.550187     0.744601
   17.500000     2.278567     1.915124     1.314588
   18.500000     2.697684     2.491306     2.110136
   19.500000     3.165151     2.987420     2.743546
   20.500000     3.203293     3.111566     3.041627
   21.500000     3.113208     2.960468     2.960049
   22.500000     2.607823     2.347554     2.359433
   23.500000     1.910404     1.587409     1.791995
   24.500000     1.355905     1.020934     1.144767
   25.500000     0.860995     0.549903     0.742561
   26.500000     0.522957     0.293171     0.440007
   27.500000     0.323296     0.133341     0.186753
   28.500000     0.151534     0.030921     0.046799
   29.500000     0.054530    -0.049888    -0.026887
   30.500000    -0.029692    -0.044389    -0.058738
   31.500000     0.023420    -0.064651    -0.036884
   32.500000    -0.038878    -0.038878    -0.038878
   33.500000    -0.036705    -0.052036    -0.027388
   34.500000     0.026143     0.008335    -0.002226
   35.500000    -0.039602     0.000526    -0.020368
   36.500000     0.030604    -0.070817     0.023700
   37.500000    -0.014631    -0.080037     0.007909
   38.500000    -0.008776    -0.028784    -0.012825
   39.500000    -0.000949    -0.035518    -0.039377
   40.500000    -0.045144    -0.036959    -0.045847
   41.500000    -0.017796     0.034129    -0.065652
   42.500000    -0.002908    -0.006286    -0.046841
   43.500000     0.018725     0.019603    -0.074513
   44.500000    -0.047310    -0.024686    -0.140000
   45.500000    -0.018039     0.001257    -0.107712
   46.500000    -0.066955     0.033882    -0.074022
   47.500000    -0.076958     0.030181    -0.117394
   48.500000    -0.120786     0.047994    -0.042863
   49.500000    -0.072199     0.052218    -0.025384
   50.500000    -0.043941     0.058443    -0.057748
   51.500000    -0.032596     0.004184    -0.054778
   52.500000    -0.015849     0.045513    -0.027388
   53.500000    -0.088578     0.036599    -0.009297
   54.500000    -0.088341     0.057945     0.002329
   55.500000    -0.151433     0.028210     0.016047
   56.500000    -0.094722     0.037588    -0.077460
   57.500000    -0.129879     0.061187    -0.052796
   58.500000    -0.120786     0.066434    -0.093607
   59.500000    -0.090706     0.067685    -0.013328
   60.500000    -0.099909     0.072694    -0.072055
   61.500000    -0.087631     0.074701    -0.031890
   62.500000    -0.038878     0.134625     0.023700
   63.500000    -0.013900     0.230205     0.146197
   64.500000     0.234876     0.424604     0.240750
   65.500000     0.461881     0.733365     0.578774
   66.500000     0.753980     1.134489     0.952213
   67.500000     1.225063     1.574182     1.495766
   68.500000     1.810939     2.307074     2.124207
   69.500000     2.663610     3.206251     3.003006
   70.500000     3.703051     4.364126     4.205827
   71.500000     4.917750     5.910817     5.735541
   72.500000     6.431832     8.013506     7.627037
   73.500000     8.199356    10.696113     9.762558
   74.500000    10.362503    14.098454    12.605623
   75.500000    13.028845    18.581863    14.716188
   76.500000    16.070516    20.990124    20.434154
   77.500000    18.566706    25.046534    23.203084
   78.500000    20.126926    25.046534    23.203084
