           z    400-600ns    600-800ns   800-1000ns
    0.500000    22.416202    25.105564    25.015642
    1.500000    22.416202    25.105564    25.015642
    2.500000    22.416202    25.105564    25.015642
    3.500000    22.416202    25.105564    25.015642
    4.500000    22.416202    25.105564    25.015642
    5.500000    22.416202    25.105564    25.015642
    6.500000    16.878341    21.049154    16.360658
    7.500000    14.995070    16.004645    12.887065
    8.500000    12.139221    11.119733    10.751545
    9.500000     9.178429     8.299034     8.241343
   10.500000     6.809039     6.049907     5.693780
   11.500000     4.621054     4.519944     3.782827
   12.500000     3.215245     3.282726     2.520024
   13.500000     2.204486     2.455906     1.531491
   14.500000     1.802143     1.920055     0.995527
   15.500000     1.755909     1.760086     1.004328
   16.500000     1.746209     1.741023     1.277582
   17.500000     2.161725     2.099612     1.821991
   18.500000     2.697570     2.623386     2.478809
   19.500000     3.207825     3.061637     3.039982
   20.500000     3.272871     3.199222     3.177099
   21.500000     3.175921     3.054432     2.871123
   22.500000     2.643688     2.404112     2.219631
   23.500000     1.904588     1.844237     1.564304
   24.500000     1.295346     1.203089     1.091401
   25.500000     0.822274     0.759374     0.717180
   26.500000     0.492982     0.401107     0.382494
   27.500000     0.272453     0.118970     0.233980
   28.500000     0.075372     0.056148     0.065735
   29.500000     0.021782     0.009381     0.047827
   30.500000    -0.023849    -0.050567    -0.031339
   31.500000    -0.055848    -0.021715    -0.048814
   32.500000    -0.038878    -0.038878    -0.038878
   33.500000    -0.025904    -0.004672    -0.074802
   34.500000    -0.015614     0.026155    -0.107622
   35.500000     0.047730     0.084777    -0.056783
   36.500000     0.090383     0.039173    -0.088886
   37.500000     0.091100     0.082318    -0.088886
   38.500000     0.099720     0.033861    -0.069530
   39.500000     0.068255     0.085762    -0.042518
   40.500000     0.086801     0.067854    -0.051957
   41.500000     0.090383     0.146813    -0.043488
   42.500000     0.055496     0.111746    -0.013988
   43.500000     0.109093     0.151357    -0.025731
   44.500000     0.066834     0.168344    -0.003420
   45.500000     0.068255     0.149589     0.008923
   46.500000     0.093252     0.203439    -0.056060
   47.500000     0.129398     0.159709     0.010903
   48.500000     0.091100     0.119968    -0.002682
   49.500000     0.102600     0.184421     0.026057
   50.500000     0.080366     0.165547     0.022322
   51.500000     0.106205     0.187496     0.065482
   52.500000     0.139612     0.111248     0.048581
   53.500000     0.144735     0.100082     0.051600
   54.500000     0.160166     0.096618     0.013133
   55.500000     0.204032     0.116227     0.028051
   56.500000     0.177176     0.107272     0.030795
   57.500000     0.244861     0.131724     0.071309
   58.500000     0.230420     0.166818     0.034792
   59.500000     0.285588     0.111248     0.038295
   60.500000     0.310500     0.133480     0.099113
   61.500000     0.277081     0.106776     0.149893
   62.500000     0.324622     0.091924     0.223449
   63.500000     0.426576     0.111994     0.234792
   64.500000     0.672494     0.260047     0.446441
   65.500000     0.964222     0.437358     0.715542
   66.500000     1.298818     0.788488     1.086463
   67.500000     1.860792     1.172971     1.567058
   68.500000     2.479360     1.891670     2.242340
   69.500000     3.397552     2.479343     2.974123
   70.500000     4.540156     3.584569     3.996253
   71.500000     5.989134     4.915504     5.274919
   72.500000     7.732415     6.602168     6.719845
   73.500000    10.246973     8.896107     8.734170
   74.500000    12.936514    12.117264    10.631504
   75.500000    15.275402    16.293004    13.878445
   76.500000    19.647271    18.640893    18.550972
   77.500000    22.416202    25.105564    25.015642
   78.500000    22.416202    25.105564    25.015642
