           z    400-600ns    600-800ns   800-1000ns
    0.500000    23.209058    25.085804    25.027271
    1.500000    23.209058    25.085804    25.027271
    2.500000    23.209058    25.085804    25.027271
    3.500000    23.209058    25.085804    25.027271
    4.500000    23.209058    25.085804    25.027271
    5.500000    23.209058    25.085804    25.027271
    6.500000    19.152648    25.085804    20.122820
    7.500000    16.744388    17.664672    17.606139
    8.500000    13.849412    13.948606    12.189039
    9.500000    10.401942    10.174673     8.637710
   10.500000     7.403727     6.840166     6.084306
   11.500000     4.902641     4.559507     4.623981
   12.500000     3.341607     2.792456     3.441984
   13.500000     2.259244     1.644117     2.774923
   14.500000     1.649875     1.086271     2.277490
   15.500000     1.601747     1.037298     1.985449
   16.500000     1.777441     1.345289     2.030093
   17.500000     2.058314     1.927457     2.360648
   18.500000     2.597829     2.785204     2.930190
   19.500000     3.111000     3.521766     3.483685
   20.500000     3.158292     3.555945     3.369928
   21.500000     2.941569     3.064428     2.939628
   22.500000     2.282868     2.291578     2.405509
   23.500000     1.624734     1.650572     1.804321
   24.500000     1.145167     1.014598     1.200718
   25.500000     0.740393     0.600713     0.753182
   26.500000     0.413046     0.267608     0.350306
   27.500000     0.269101     0.110711     0.185979
   28.500000     0.114370     0.028856     0.067511
   29.500000     0.052773    -0.003203    -0.060778
   30.500000     0.024059     0.000152    -0.072492
   31.500000     0.038888    -0.032731    -0.113184
   32.500000    -0.038878    -0.038878    -0.038878
   33.500000    -0.087633     0.027159    -0.043466
   34.500000    -0.026915    -0.014674    -0.143278
   35.500000     0.009824    -0.003922    -0.134916
   36.500000    -0.017405    -0.038170    -0.086762
   37.500000     0.016423    -0.020390    -0.087473
   38.500000    -0.016401     0.008801    -0.135614
   39.500000    -0.003827    -0.016104    -0.061976
   40.500000    -0.015900     0.000632    -0.119981
   41.500000    -0.050289     0.062804    -0.108016
   42.500000    -0.080306     0.076364    -0.143510
   43.500000    -0.074920     0.057155    -0.135149
   44.500000    -0.080795     0.028129    -0.112715
   45.500000    -0.144539     0.020138    -0.066044
   46.500000    -0.122508    -0.010856    -0.019467
   47.500000    -0.088121     0.004713    -0.007993
   48.500000    -0.106583     0.041747    -0.026035
   49.500000    -0.051279     0.077848     0.028731
   50.500000    -0.067556     0.061821     0.061971
   51.500000    -0.096883     0.131597     0.111511
   52.500000    -0.119138     0.121510     0.041176
   53.500000    -0.179111     0.102455     0.008701
   54.500000    -0.138332     0.136909     0.073317
   55.500000    -0.152632     0.079827     0.172800
   56.500000    -0.190374     0.108457     0.091832
   57.500000    -0.192246     0.122013     0.104082
   58.500000    -0.189437     0.152658     0.112024
   59.500000    -0.213679     0.160058     0.133155
   60.500000    -0.212750     0.169788     0.045421
   61.500000    -0.203917     0.186260     0.045671
   62.500000    -0.133068     0.320157     0.107922
   63.500000    -0.094452     0.364385     0.062474
   64.500000     0.047622     0.568354     0.162307
   65.500000     0.330528     0.780141     0.361614
   66.500000     0.620667     1.212648     0.621645
   67.500000     1.097886     1.686372     1.027738
   68.500000     1.700922     2.409181     1.608249
   69.500000     2.469505     3.093721     2.292074
   70.500000     3.420798     4.287743     3.233485
   71.500000     4.738545     5.668953     4.610183
   72.500000     6.295929     7.708553     6.380994
   73.500000     8.510445     9.868020     8.675783
   74.500000    10.845857    12.685538    11.266991
   75.500000    12.848057    14.985765    13.890073
   76.500000    16.068258    18.621134    19.489410
   77.500000    20.440128    18.621134    25.027271
   78.500000    23.209058    25.085804    25.027271
