           z         mean           se
    0.500000   -18.097036     0.000000
    1.500000   -18.048616     0.010722
    2.500000   -17.917933     0.011367
    3.500000   -17.722446     0.020452
    4.500000   -17.464360     0.024082
    5.500000   -17.202913     0.026761
    6.500000   -17.058387     0.030174
    7.500000   -17.094653     0.031911
    8.500000   -17.316656     0.028065
    9.500000   -17.591596     0.028756
   10.500000   -17.746461     0.032321
   11.500000   -17.625809     0.032095
   12.500000   -17.168914     0.024183
   13.500000   -16.325349     0.025261
   14.500000   -15.133725     0.026698
   15.500000   -13.625883     0.029226
   16.500000   -11.792939     0.055297
   17.500000    -9.712582     0.083297
   18.500000    -7.427320     0.145111
   19.500000    -5.228804     0.196255
   20.500000    -2.898498     0.271073
   21.500000    -1.250327     0.583823
   22.500000     0.128706     1.050992
   23.500000    -0.313022     0.991947
   24.500000    -0.117838     1.499170
   25.500000    -0.382077     1.544695
   26.500000    -0.529211     1.620364
   27.500000    -0.626789     1.654625
   28.500000    -0.482818     1.731731
   29.500000    -0.199592     1.897010
   30.500000     0.170399     2.063026
   31.500000     0.125721     2.072518
   32.500000     0.185535     2.047211
   33.500000     0.219406     2.045454
   34.500000     0.252122     2.045479
   35.500000     0.248678     2.058295
   36.500000     0.156898     2.070247
   37.500000     0.185377     2.063522
   38.500000     0.199338     2.071601
   39.500000     0.050331     2.089977
   40.500000    -0.133360     2.103526
   41.500000    -0.044435     2.095427
   42.500000     0.030213     2.095646
   43.500000     0.014384     2.090796
   44.500000    -0.031783     2.103279
   45.500000    -0.034644     2.114964
   46.500000     0.070090     2.129787
   47.500000    -0.084105     2.116744
   48.500000     0.065849     2.118090
   49.500000     0.147791     2.117035
   50.500000     0.130275     2.114215
   51.500000     0.285576     2.116606
   52.500000     0.571962     2.095327
   53.500000     0.479265     2.104083
   54.500000     0.777425     2.113247
   55.500000     0.707573     2.101366
   56.500000     0.578535     2.077646
   57.500000     0.499594     2.070848
   58.500000     0.575481     2.090868
   59.500000     0.536867     2.095390
   60.500000     0.624806     2.114446
   61.500000     0.512007     2.108215
   62.500000     0.655164     2.058601
   63.500000     0.906591     2.014246
   64.500000     1.185779     1.963845
   65.500000     1.735637     1.897894
   66.500000     2.137646     1.796086
   67.500000     2.784801     1.736782
   68.500000     3.535538     1.647001
   69.500000     5.332641     1.711833
   70.500000     6.909122     1.333461
   71.500000     7.915782     1.124218
   72.500000     9.115095     0.739217
   73.500000    10.204973     0.324902
