           z         mean           se
    0.500000     0.000000     0.000000
    1.500000     0.048419     0.010722
    2.500000     0.179102     0.011367
    3.500000     0.374590     0.020452
    4.500000     0.632676     0.024082
    5.500000     0.894123     0.026761
    6.500000     1.038648     0.030174
    7.500000     1.002383     0.031911
    8.500000     0.780380     0.028065
    9.500000     0.505439     0.028756
   10.500000     0.350575     0.032321
   11.500000     0.471227     0.032095
   12.500000     0.928122     0.024183
   13.500000     1.771687     0.025261
   14.500000     2.963311     0.026698
   15.500000     4.471153     0.029226
   16.500000     6.304097     0.055297
   17.500000     8.384454     0.083297
   18.500000    10.669716     0.145111
   19.500000    12.868231     0.196255
   20.500000    15.198538     0.271073
   21.500000    16.846709     0.583823
   22.500000    18.225741     1.050992
   23.500000    17.784014     0.991947
   24.500000    17.979198     1.499170
   25.500000    17.714958     1.544695
   26.500000    17.567825     1.620364
   27.500000    17.470247     1.654625
   28.500000    17.614218     1.731731
   29.500000    17.897443     1.897010
   30.500000    18.267435     2.063026
   31.500000    18.222756     2.072518
   32.500000    18.282571     2.047211
   33.500000    18.316442     2.045454
   34.500000    18.349158     2.045479
   35.500000    18.345714     2.058295
   36.500000    18.253934     2.070247
   37.500000    18.282413     2.063522
   38.500000    18.296374     2.071601
   39.500000    18.147366     2.089977
   40.500000    17.963675     2.103526
   41.500000    18.052601     2.095427
   42.500000    18.127248     2.095646
   43.500000    18.111420     2.090796
   44.500000    18.065253     2.103279
   45.500000    18.062392     2.114964
   46.500000    18.167125     2.129787
   47.500000    18.012930     2.116744
   48.500000    18.162885     2.118090
   49.500000    18.244827     2.117035
   50.500000    18.227310     2.114215
   51.500000    18.382611     2.116606
   52.500000    18.668997     2.095327
   53.500000    18.576301     2.104083
   54.500000    18.874461     2.113247
   55.500000    18.804609     2.101366
   56.500000    18.675570     2.077646
   57.500000    18.596629     2.070848
   58.500000    18.672517     2.090868
   59.500000    18.633902     2.095390
   60.500000    18.721842     2.114446
   61.500000    18.609043     2.108215
   62.500000    18.752200     2.058601
   63.500000    19.003627     2.014246
   64.500000    19.282814     1.963845
   65.500000    19.832672     1.897894
   66.500000    20.234681     1.796086
   67.500000    20.881837     1.736782
   68.500000    21.632574     1.647001
   69.500000    23.429676     1.711833
   70.500000    25.006158     1.333461
   71.500000    26.012817     1.124218
   72.500000    27.212131     0.739217
   73.500000    28.302008     0.324902
