           z    400-600ns    600-800ns   800-1000ns
    0.500000   -18.097036   -18.097036   -18.097036
    1.500000   -18.057082   -18.022014   -18.028255
    2.500000   -17.949471   -17.876186   -17.890380
    3.500000   -17.765571   -17.687583   -17.694083
    4.500000   -17.530661   -17.427307   -17.401451
    5.500000   -17.229389   -17.169470   -17.094275
    6.500000   -17.083638   -17.026904   -16.928330
    7.500000   -17.092657   -17.066139   -16.962387
    8.500000   -17.297839   -17.331809   -17.213470
    9.500000   -17.571280   -17.601472   -17.495631
   10.500000   -17.773937   -17.714038   -17.616369
   11.500000   -17.644939   -17.624348   -17.522126
   12.500000   -17.182730   -17.148088   -17.099923
   13.500000   -16.330615   -16.288118   -16.280023
   14.500000   -15.124447   -15.109644   -15.130695
   15.500000   -13.646694   -13.608094   -13.715524
   16.500000   -11.817489   -11.868284   -11.978312
   17.500000    -9.822097    -9.733931   -10.125469
   18.500000    -7.897594    -7.584758    -7.783736
   19.500000    -6.045021    -5.437711    -5.702432
   20.500000    -3.433666    -3.622403    -3.967386
   21.500000    -1.850573    -1.771746    -2.554948
   22.500000     0.322566    -1.847553    -2.382053
   23.500000     0.703727    -3.089822    -3.919224
   24.500000    -0.230984    -3.223090    -4.878243
   25.500000    -1.446447    -3.509108    -4.943854
   26.500000    -1.402229    -4.014877    -5.468197
   27.500000    -1.311394    -4.182965    -5.909388
   28.500000    -1.696608    -4.014877    -5.629489
   29.500000    -1.168692    -3.659064    -5.702432
   30.500000    -0.500081    -3.748449    -6.141231
   31.500000     0.151627    -3.901763    -5.974762
   32.500000     0.235647    -3.603871    -5.654039
   33.500000    -0.084833    -3.800597    -5.678351
   34.500000    -0.084833    -3.967020    -5.654039
   35.500000     0.703727    -4.014877    -5.537372
   36.500000     0.412589    -4.284373    -5.511653
   37.500000    -0.084833    -4.153225    -5.459416
   38.500000     0.703727    -4.591467    -4.997254
   39.500000    -0.911286    -4.677959    -5.049546
   40.500000    -0.684582    -4.591467    -4.933036
   41.500000    -0.084833    -4.462519    -4.911262
   42.500000     0.505948    -4.665783    -4.534560
   43.500000     0.151627    -4.784973    -4.572367
   44.500000     1.032940    -4.796588    -4.609614
   45.500000     0.703727    -4.737971    -4.706332
   46.500000     2.025732    -4.749804    -4.658437
   47.500000     0.703727    -5.039439    -4.534560
   48.500000     1.279027    -4.975493    -4.294976
   49.500000     2.025732    -4.876426    -4.091491
   50.500000     1.857644    -4.749804    -4.121586
   51.500000     2.839247    -4.714138    -4.061033
   52.500000     3.371828    -4.212357    -4.195287
   53.500000     3.091496    -4.422512    -4.166065
   54.500000     4.047958    -3.950863    -4.238495
   55.500000     2.839247    -4.409034    -4.266894
   56.500000     2.399809    -4.061842    -4.166065
   57.500000     1.857644    -3.967020    -4.151325
   58.500000     2.205837    -4.123131    -4.030202
   59.500000     2.609963    -4.422512    -4.509037
   60.500000     3.687288    -4.553470    -4.252734
   61.500000     2.609963    -4.819658    -4.106584
   62.500000     1.411710    -4.123131    -4.404278
   63.500000     2.025732    -3.783334    -4.136500
   64.500000     2.399809    -3.349663    -3.663560
   65.500000     3.091496    -2.774362    -3.699184
   66.500000     3.371828    -2.259963    -2.941477
   67.500000     4.974767    -1.486883    -2.554948
   68.500000     6.456218    -0.497061    -1.852979
   69.500000    10.512628    -0.005432    -0.465421
   70.500000    10.512628     2.028752     2.240496
   71.500000    10.512628     2.842267     4.082617
   72.500000    10.512628     5.611197     7.778357
   73.500000    10.512628    10.515648    10.547288
