           z    400-600ns    600-800ns   800-1000ns
    0.500000   -18.097036   -18.097036   -18.097036
    1.500000   -18.087542   -18.036381   -18.023624
    2.500000   -17.930626   -17.929937   -17.904378
    3.500000   -17.785243   -17.718963   -17.689858
    4.500000   -17.531192   -17.459920   -17.392977
    5.500000   -17.282046   -17.223684   -17.174631
    6.500000   -17.154875   -17.097964   -17.020928
    7.500000   -17.173142   -17.092243   -17.025799
    8.500000   -17.343833   -17.287764   -17.239259
    9.500000   -17.567197   -17.551815   -17.494673
   10.500000   -17.749471   -17.714764   -17.631823
   11.500000   -17.675440   -17.529810   -17.553691
   12.500000   -17.218108   -17.088509   -17.173713
   13.500000   -16.443379   -16.276190   -16.366091
   14.500000   -15.186271   -15.065883   -15.221126
   15.500000   -13.666526   -13.446193   -13.718004
   16.500000   -11.839681   -11.398228   -11.849988
   17.500000    -9.727420    -9.164726    -9.740539
   18.500000    -7.504639    -6.488788    -7.339912
   19.500000    -5.575665    -4.244099    -4.807256
   20.500000    -3.378669    -2.251194    -1.296283
   21.500000    -2.798044    -0.392158     2.900185
   22.500000    -1.165916     0.961652     7.804635
   23.500000    -0.482096     0.646192     5.669115
   24.500000    -0.546725    -0.257705    10.573566
   25.500000    -1.621275    -0.041539    10.573566
   26.500000    -2.042316     0.365860    10.573566
   27.500000    -2.245410     0.365860    10.573566
   28.500000    -2.663949     0.113611    10.573566
   29.500000    -2.771789     0.747021    10.573566
   30.500000    -2.111848    -0.187690    10.573566
   31.500000    -2.493009    -0.813199    10.573566
   32.500000    -2.522317    -0.867992    10.573566
   33.500000    -2.006817    -0.641288    10.573566
   34.500000    -1.970811    -0.187690    10.573566
   35.500000    -2.212677    -0.257705    10.573566
   36.500000    -2.309627    -0.757188    10.573566
   37.500000    -1.897218    -0.257705    10.573566
   38.500000    -2.551287    -0.041539    10.573566
   39.500000    -2.522317     0.455883    10.573566
   40.500000    -2.551287    -0.581275    10.573566
   41.500000    -3.022781    -0.757188    10.573566
   42.500000    -3.229110    -0.519800    10.573566
   43.500000    -3.399328    -0.581275    10.573566
   44.500000    -3.780489    -1.531336    10.573566
   45.500000    -4.142337    -0.519800    10.573566
   46.500000    -4.080294    -1.125398    10.573566
   47.500000    -3.850262    -1.125398    10.573566
   48.500000    -4.016684    -0.325828    10.573566
   49.500000    -3.653536    -1.125398    10.573566
   50.500000    -4.095948    -0.813199    10.573566
   51.500000    -3.653536    -1.075977    10.573566
   52.500000    -3.460308    -0.041539    10.573566
   53.500000    -3.708729    -0.115674    10.573566
   54.500000    -4.126969     1.076234    10.573566
   55.500000    -4.000528     1.322321    10.573566
   56.500000    -4.157612     0.747021    10.573566
   57.500000    -4.404054     0.455883    10.573566
   58.500000    -4.834638     0.852052    10.573566
   59.500000    -4.172796     0.365860    10.573566
   60.500000    -4.564557    -0.041539    10.573566
   61.500000    -4.319799    -0.041539    10.573566
   62.500000    -4.080294     0.747021    10.573566
   63.500000    -3.672068     0.549242    10.573566
   64.500000    -3.460308     1.196276    10.573566
   65.500000    -2.636252     2.069027    10.573566
   66.500000    -1.621275     2.653257    10.573566
   67.500000    -1.448873     3.415122    10.573566
   68.500000    -0.347644     4.512293    10.573566
   69.500000     1.232383    10.555922    10.573566
   70.500000     6.409574    10.555922    10.573566
   71.500000     7.697053    10.555922    10.573566
   72.500000    10.465983    10.555922    10.573566
   73.500000    10.465983    10.555922    10.573566
