           z    400-600ns    600-800ns   800-1000ns
    0.500000   -18.097036   -18.097036   -18.097036
    1.500000   -18.015910   -18.057784   -18.108955
    2.500000   -17.872964   -17.934595   -17.972863
    3.500000   -17.612375   -17.730842   -17.817495
    4.500000   -17.371975   -17.482912   -17.580841
    5.500000   -17.087143   -17.236498   -17.329077
    6.500000   -16.928494   -17.098480   -17.185871
    7.500000   -16.997453   -17.184220   -17.257837
    8.500000   -17.257481   -17.392490   -17.485956
    9.500000   -17.615935   -17.649593   -17.776771
   10.500000   -17.849531   -17.743716   -17.924498
   11.500000   -17.764114   -17.547437   -17.770371
   12.500000   -17.282619   -17.077176   -17.249357
   13.500000   -16.399775   -16.190631   -16.353317
   14.500000   -15.214780   -14.969847   -15.180828
   15.500000   -13.684790   -13.547664   -13.599459
   16.500000   -11.903537   -11.723966   -11.756966
   17.500000    -9.661004    -9.798865    -9.639184
   18.500000    -7.161213    -7.817645    -7.267596
   19.500000    -4.937061    -5.642497    -4.667495
   20.500000    -2.624928    -2.703493    -2.808458
   21.500000    -1.754995    -0.662930    -2.367736
   22.500000    -0.997652     0.830410    -2.367736
   23.500000    -0.415680     1.433362    -3.362767
   24.500000     0.090088     1.174633    -3.762081
   25.500000    -0.065062     1.721721    -4.106697
   26.500000    -1.512851     2.860899    -4.122750
   27.500000    -1.382457     2.860899    -4.409811
   28.500000    -1.382457     4.996419    -4.641578
   29.500000    -2.541831     7.765350    -5.038457
   30.500000    -2.079492    10.534280    -4.805461
   31.500000    -1.940401    10.534280    -5.004851
   32.500000    -2.396941    10.534280    -4.628519
   33.500000    -2.079492    10.534280    -4.841813
   34.500000    -2.243211    10.534280    -4.731144
   35.500000    -2.757611    10.534280    -4.793226
   36.500000    -2.045432    10.534280    -5.200076
   37.500000    -2.274717    10.534280    -5.312338
   38.500000    -2.731627    10.534280    -5.104353
   39.500000    -2.336570    10.534280    -5.613076
   40.500000    -3.249240    10.534280    -5.717203
   41.500000    -2.484871    10.534280    -5.784306
   42.500000    -2.624928    10.534280    -5.767697
   43.500000    -2.178994    10.534280    -5.613076
   44.500000    -2.426593    10.534280    -5.282214
   45.500000    -2.484871    10.534280    -5.532057
   46.500000    -2.146261    10.534280    -5.742577
   47.500000    -2.396941    10.534280    -5.621920
   48.500000    -2.396941    10.534280    -5.784306
   49.500000    -1.975900    10.534280    -6.080705
   50.500000    -2.178994    10.534280    -5.833486
   51.500000    -1.904395    10.534280    -5.967833
   52.500000    -1.470132    10.534280    -5.952394
   53.500000    -1.512851    10.534280    -5.960125
   54.500000    -0.997652    10.534280    -5.921230
   55.500000    -0.211212    10.534280    -6.013590
   56.500000    -0.945142    10.534280    -5.717203
   57.500000    -0.780711    10.534280    -5.621920
   58.500000    -0.281228    10.534280    -5.717203
   59.500000    -0.543322    10.534280    -5.604202
   60.500000    -0.349350    10.534280    -5.410230
   61.500000     0.011319    10.534280    -5.833486
   62.500000     0.723498    10.534280    -5.485894
   63.500000     1.172753    10.534280    -5.104353
   64.500000     1.172753    10.534280    -4.731144
   65.500000     2.419580    10.534280    -3.957420
   66.500000     2.225608    10.534280    -3.297014
   67.500000     3.391600    10.534280    -2.335423
   68.500000     4.067729    10.534280    -1.626560
   69.500000     4.488770    10.534280     0.567070
   70.500000     7.763469    10.534280     1.563411
   71.500000    10.532400    10.534280     3.911301
   72.500000    10.532400    10.534280     5.471520
   73.500000    10.532400    10.534280     7.607041
