           z         mean           se
    0.500000     8.997368     0.154284
    1.500000     8.851511     0.139432
    2.500000     8.551535     0.129556
    3.500000     8.066862     0.126256
    4.500000     7.290006     0.123582
    5.500000     6.113201     0.092423
    6.500000     4.668661     0.059807
    7.500000     3.242290     0.042620
    8.500000     1.984578     0.036196
    9.500000     0.989067     0.020281
   10.500000     0.311120     0.009565
   11.500000     0.000000     0.000000
   12.500000     0.062749     0.010512
   13.500000     0.483374     0.017591
   14.500000     1.281620     0.027360
   15.500000     2.424982     0.047085
   16.500000     3.845416     0.059608
   17.500000     5.548004     0.066953
   18.500000     7.524497     0.086171
   19.500000     9.533962     0.105949
   20.500000    11.488544     0.149445
   21.500000    13.089559     0.244165
   22.500000    14.178365     0.306723
   23.500000    14.738296     0.359795
   24.500000    15.240757     0.393017
   25.500000    15.751816     0.368247
   26.500000    16.164851     0.462962
   27.500000    16.345706     0.476682
   28.500000    16.871570     0.432419
   29.500000    17.041857     0.463146
   30.500000    17.355798     0.557203
   31.500000    17.578432     0.632181
   32.500000    17.887321     0.618461
   33.500000    17.734041     0.638063
   34.500000    18.069359     0.734421
   35.500000    17.913850     0.801888
   36.500000    17.878604     0.746869
   37.500000    17.882403     0.668694
   38.500000    18.061509     0.716066
   39.500000    18.131510     0.897313
   40.500000    18.162164     0.952173
   41.500000    17.645784     0.669845
   42.500000    17.968750     0.873465
   43.500000    17.740397     0.712914
   44.500000    17.630486     0.724063
   45.500000    17.878051     0.836014
   46.500000    17.529756     0.665154
   47.500000    17.645540     0.697371
   48.500000    17.814952     0.773586
   49.500000    17.711834     0.728625
   50.500000    17.764714     0.824568
   51.500000    18.003531     0.874847
   52.500000    18.245513     0.932424
   53.500000    18.196144     0.928056
   54.500000    18.652620     1.159597
   55.500000    18.602652     1.048230
   56.500000    18.705739     1.136611
   57.500000    18.786370     1.107496
   58.500000    19.469555     1.568114
   59.500000    19.573742     1.493803
   60.500000    20.210915     1.496345
   61.500000    20.165660     1.437683
   62.500000    20.813558     1.542692
   63.500000    20.715746     1.462642
   64.500000    21.760007     1.275155
   65.500000    22.521914     1.293588
   66.500000    24.674662     1.183612
   67.500000    26.472293     0.817128
   68.500000    27.838507     0.733466
