           z         mean           se
    0.500000    -8.775403     0.154284
    1.500000    -8.921260     0.139432
    2.500000    -9.221236     0.129556
    3.500000    -9.705910     0.126256
    4.500000   -10.482766     0.123582
    5.500000   -11.659570     0.092423
    6.500000   -13.104111     0.059807
    7.500000   -14.530482     0.042620
    8.500000   -15.788193     0.036196
    9.500000   -16.783704     0.020281
   10.500000   -17.461651     0.009565
   11.500000   -17.772771     0.000000
   12.500000   -17.710023     0.010512
   13.500000   -17.289398     0.017591
   14.500000   -16.491151     0.027360
   15.500000   -15.347790     0.047085
   16.500000   -13.927355     0.059608
   17.500000   -12.224767     0.066953
   18.500000   -10.248274     0.086171
   19.500000    -8.238809     0.105949
   20.500000    -6.284227     0.149445
   21.500000    -4.683212     0.244165
   22.500000    -3.594406     0.306723
   23.500000    -3.034475     0.359795
   24.500000    -2.532014     0.393017
   25.500000    -2.020955     0.368247
   26.500000    -1.607920     0.462962
   27.500000    -1.427066     0.476682
   28.500000    -0.901201     0.432419
   29.500000    -0.730914     0.463146
   30.500000    -0.416974     0.557203
   31.500000    -0.194339     0.632181
   32.500000     0.114549     0.618461
   33.500000    -0.038730     0.638063
   34.500000     0.296587     0.734421
   35.500000     0.141079     0.801888
   36.500000     0.105832     0.746869
   37.500000     0.109631     0.668694
   38.500000     0.288737     0.716066
   39.500000     0.358739     0.897313
   40.500000     0.389393     0.952173
   41.500000    -0.126987     0.669845
   42.500000     0.195978     0.873465
   43.500000    -0.032375     0.712914
   44.500000    -0.142285     0.724063
   45.500000     0.105279     0.836014
   46.500000    -0.243015     0.665154
   47.500000    -0.127231     0.697371
   48.500000     0.042181     0.773586
   49.500000    -0.060937     0.728625
   50.500000    -0.008058     0.824568
   51.500000     0.230759     0.874847
   52.500000     0.472742     0.932424
   53.500000     0.423373     0.928056
   54.500000     0.879849     1.159597
   55.500000     0.829880     1.048230
   56.500000     0.932968     1.136611
   57.500000     1.013599     1.107496
   58.500000     1.696784     1.568114
   59.500000     1.800970     1.493803
   60.500000     2.438143     1.496345
   61.500000     2.392888     1.437683
   62.500000     3.040786     1.542692
   63.500000     2.942974     1.462642
   64.500000     3.987236     1.275155
   65.500000     4.749142     1.293588
   66.500000     6.901891     1.183612
   67.500000     8.699521     0.817128
   68.500000    10.065736     0.733466
