           z    400-600ns    600-800ns   800-1000ns
    0.500000    -8.712826    -8.731638    -7.962041
    1.500000    -8.788943    -8.794541    -8.198500
    2.500000    -8.985144    -9.007675    -8.667475
    3.500000    -9.391712    -9.451448    -9.410258
    4.500000   -10.149113   -10.323312   -10.194871
    5.500000   -11.496913   -11.705587   -11.482060
    6.500000   -12.997044   -13.319464   -13.053299
    7.500000   -14.472727   -14.698009   -14.575213
    8.500000   -15.825374   -15.914572   -15.907306
    9.500000   -16.831871   -16.864353   -16.837945
   10.500000   -17.467291   -17.504904   -17.455104
   11.500000   -17.772771   -17.772771   -17.772771
   12.500000   -17.706554   -17.721377   -17.710296
   13.500000   -17.257120   -17.292679   -17.333325
   14.500000   -16.424523   -16.422369   -16.579541
   15.500000   -15.232154   -15.161875   -15.456406
   16.500000   -13.836572   -13.635360   -14.073012
   17.500000   -12.127850   -11.923699   -12.514482
   18.500000   -10.115209   -10.010695   -10.696748
   19.500000    -8.055048    -8.066362    -8.740820
   20.500000    -5.828547    -6.561916    -6.727911
   21.500000    -4.126889    -5.539233    -5.329982
   22.500000    -3.110814    -4.680318    -4.538260
   23.500000    -2.746543    -3.744310    -3.673750
   24.500000    -2.255746    -3.572724    -2.991682
   25.500000    -2.368138    -2.696910    -2.108017
   26.500000    -2.430182    -2.118744    -2.427694
   27.500000    -1.978310    -1.955496    -2.331054
   28.500000    -1.560599    -1.092419    -1.433267
   29.500000    -1.334403    -0.661762    -1.592263
   30.500000     0.008910    -0.956882    -1.823460
   31.500000    -0.365166    -1.699298    -1.921926
   32.500000     0.090881    -1.414081    -1.337695
   33.500000    -0.721197    -1.917737    -1.108411
   34.500000     0.132888    -1.414081    -0.914439
   35.500000    -0.222127    -1.820787    -1.592263
   36.500000    -0.780854    -0.928877    -1.570154
   37.500000    -0.565568    -1.319407    -1.570154
   38.500000    -1.188253    -0.598353    -1.212898
   39.500000    -0.924096    -0.397952    -1.823460
   40.500000    -1.404419     0.100103    -1.921926
   41.500000    -1.472541    -0.533307    -1.921926
   42.500000    -0.780854    -0.432478    -1.699988
   43.500000    -0.867772    -0.500144    -2.363680
   44.500000    -0.780854    -1.319407    -2.314580
   45.500000    -0.433753    -1.065888    -2.794676
   46.500000    -1.163049    -1.343411    -2.697191
   47.500000    -0.365166    -1.437204    -2.848735
   48.500000    -0.597472    -1.039075    -2.808300
   49.500000    -0.780854    -1.343411    -2.711350
   50.500000    -0.433753    -1.414081    -3.102894
   51.500000    -0.185062    -0.842946    -2.901659
   52.500000     0.132888    -1.170375    -2.697191
   53.500000    -0.751202    -1.367189    -2.625175
   54.500000    -0.109255    -0.928877    -2.682951
   55.500000    -1.033103    -0.598353    -3.090776
   56.500000    -1.427331    -0.291441    -2.610521
   57.500000    -0.660093    -0.142040    -2.862071
   58.500000    -0.721197     0.321332    -2.281307
   59.500000    -0.433753     0.186279    -1.803297
   60.500000    -0.628977     0.721439    -1.212898
   61.500000    -0.365166     0.615302    -1.635907
   62.500000    -0.070479     2.551083    -1.409711
   63.500000     0.809018     1.955291    -0.971400
   64.500000     1.506543     3.838562    -0.106405
   65.500000     1.901158     4.471973     1.825850
   66.500000     3.691243     7.240903     3.990011
   67.500000     5.713469     9.376423     7.198380
   68.500000     6.640278     9.376423     7.198380
