           z    400-600ns    600-800ns   800-1000ns
    0.500000    -9.706667    -8.456034    -9.048255
    1.500000    -9.706667    -8.729927    -9.308774
    2.500000    -9.993012    -9.088664    -9.640418
    3.500000   -10.407347    -9.411313   -10.255406
    4.500000   -11.111093   -10.062606   -11.025804
    5.500000   -12.182559   -11.297416   -11.999431
    6.500000   -13.461658   -12.938386   -13.101953
    7.500000   -14.768133   -14.405881   -14.391150
    8.500000   -15.925660   -15.687868   -15.651612
    9.500000   -16.838794   -16.704520   -16.742259
   10.500000   -17.464662   -17.438273   -17.490356
   11.500000   -17.772771   -17.772771   -17.772771
   12.500000   -17.692824   -17.725145   -17.731103
   13.500000   -17.250663   -17.300020   -17.312311
   14.500000   -16.491727   -16.426360   -16.544063
   15.500000   -15.427291   -15.331620   -15.413781
   16.500000   -14.028919   -13.907538   -14.088089
   17.500000   -12.367193   -12.236966   -12.377598
   18.500000   -10.497700   -10.020680   -10.513844
   19.500000    -8.436859    -7.954165    -8.702571
   20.500000    -6.205118    -5.986069    -6.851766
   21.500000    -3.796857    -4.579826    -5.802009
   22.500000    -2.431098    -4.389774    -4.509063
   23.500000    -2.232670    -5.005891    -3.748405
   24.500000    -2.035944    -4.750444    -2.506752
   25.500000    -1.698064    -4.410836    -1.691795
   26.500000    -1.781736    -3.884006    -0.706205
   27.500000    -1.332482    -4.082760    -0.376272
   28.500000    -0.561923    -3.658821     0.708113
   29.500000    -1.046357    -3.261650     1.689715
   30.500000    -0.815761    -3.006496     3.031109
   31.500000    -0.125662    -2.906912     3.319468
   32.500000    -0.165043    -2.749746     3.031109
   33.500000    -0.692036    -2.708874     3.171167
   34.500000    -0.754658    -2.667328     4.991227
   35.500000    -1.127667    -2.944719     4.991227
   36.500000    -0.785394    -3.018672     4.710895
   37.500000    -0.242008    -2.894183     3.825236
   38.500000    -0.085654    -2.695102     4.458646
   39.500000    -0.085654    -2.881389     6.594166
   40.500000    -0.316691    -2.448661     7.227576
   41.500000    -0.561923    -2.610847     4.229362
   42.500000    -0.754658    -2.493938     6.594166
   43.500000    -0.353219    -2.141310     4.991227
   44.500000    -0.353219    -1.981513     4.991227
   45.500000    -0.528317    -1.563803     6.088398
   46.500000    -0.815761    -1.810895     4.019208
   47.500000    -1.232154    -1.771359     4.019208
   48.500000    -1.232154    -1.731193     4.991227
   49.500000    -1.521896    -1.888155     3.645131
   50.500000    -1.018660    -2.307732     4.458646
   51.500000    -1.232154    -1.999777     5.667357
   52.500000    -1.180452    -1.771359     5.667357
   53.500000    -0.316691    -1.771359     4.991227
   54.500000    -0.660132    -1.981513     6.088398
   55.500000    -0.165043    -1.542075     6.594166
   56.500000    -0.353219    -1.563803     6.594166
   57.500000    -1.018660    -1.453241     7.227576
   58.500000    -0.561923    -1.606704    12.132027
   59.500000    -0.045002    -1.791205    12.132027
   60.500000     0.659660    -1.337607    12.132027
   61.500000     0.353784    -0.368370    12.132027
   62.500000     0.659660    -0.150647    12.132027
   63.500000    -0.045002    -0.436956    12.132027
   64.500000     0.659660     0.260079     9.363097
   65.500000     2.489304     0.805814    12.132027
   66.500000     5.618904     3.362376    12.132027
   67.500000     7.179124     5.710265    12.132027
   68.500000    12.083575     9.406005    12.132027
