           z    400-600ns    600-800ns   800-1000ns
    0.500000    -8.748670    -8.815254    -8.797242
    1.500000    -8.782623    -8.915407    -9.065961
    2.500000    -9.167269    -9.286545    -9.154925
    3.500000    -9.706930    -9.736091    -9.582682
    4.500000   -10.559855   -10.401193   -10.517046
    5.500000   -11.666529   -11.475606   -11.630030
    6.500000   -13.126278   -12.919220   -13.019693
    7.500000   -14.475922   -14.481892   -14.505410
    8.500000   -15.682804   -15.726512   -15.772035
    9.500000   -16.708227   -16.773760   -16.751610
   10.500000   -17.444204   -17.479711   -17.410356
   11.500000   -17.772771   -17.772771   -17.772771
   12.500000   -17.640256   -17.708173   -17.754476
   13.500000   -17.181054   -17.321979   -17.355427
   14.500000   -16.372502   -16.570130   -16.589144
   15.500000   -15.131644   -15.527042   -15.448294
   16.500000   -13.661652   -14.063554   -14.051501
   17.500000   -11.962259   -12.146716   -12.366142
   18.500000   -10.136433    -9.998692   -10.244467
   19.500000    -8.231482    -7.870601    -8.091376
   20.500000    -6.632204    -5.518300    -6.246215
   21.500000    -4.677568    -3.823129    -4.473417
   22.500000    -3.065060    -3.081649    -2.543621
   23.500000    -1.827529    -2.565215    -1.765962
   24.500000    -1.769807    -2.366536    -0.538495
   25.500000    -0.810350    -1.675685    -0.728804
   26.500000    -1.346996    -0.840163     1.064444
   27.500000    -1.130830    -0.720832     1.064444
   28.500000    -0.540049    -0.530524     0.558676
   29.500000    -0.752738    -0.177445     0.558676
   30.500000     0.320705    -0.781203     0.270317
   31.500000     0.106985     0.145606     1.697854
   32.500000     0.705510     0.324115     2.545895
   33.500000     0.505771     0.892311     2.230435
   34.500000     0.705510     0.892311     1.697854
   35.500000     0.811647     1.476542     1.697854
   36.500000     0.654072     1.787136     0.884340
   37.500000     1.159840     1.334510     1.258416
   38.500000     0.411539     2.444267     1.064444
   39.500000     0.554241     1.476542     0.716251
   40.500000     0.922451     1.334510     0.011589
   41.500000     0.811647     0.779016     0.137635
   42.500000     0.603662     0.950928    -0.223035
   43.500000     0.066332     0.466817     0.410375
   44.500000     0.866440    -0.658979     0.270317
   45.500000     0.505771    -0.324663     1.064444
   46.500000     0.811647    -0.252129     1.064444
   47.500000     1.874560    -0.100481     0.716251
   48.500000     1.793250    -0.061099     1.064444
   49.500000     2.531691    -0.177445     1.697854
   50.500000     3.274701     0.060879     0.410375
   51.500000     2.875915    -0.021092     0.716251
   52.500000     4.332896     0.670596     0.270317
   53.500000     5.094761     0.418346     0.137635
   54.500000     7.331111     0.145606     0.716251
   55.500000     5.094761     0.950928     1.258416
   56.500000     6.697701     0.466817     0.884340
   57.500000     5.410221     0.670596     1.950103
   58.500000     6.697701    -0.177445     1.468570
   59.500000     5.770891     0.724223     1.468570
   60.500000     7.331111     2.048099     2.230435
   61.500000     6.191932     2.914537     1.697854
   62.500000     9.466631     1.958075     2.230435
   63.500000     8.179152     1.958075     2.906565
   64.500000     7.331111     3.661242     9.371235
   65.500000     9.466631     3.047219     6.602305
   66.500000    12.235562     4.474756     9.371235
   67.500000    12.235562     9.379207     9.371235
   68.500000    12.235562    12.148137     9.371235
