           z         mean           se
    0.500000    24.868946     0.268391
    1.500000    24.868946     0.268391
    2.500000    24.868946     0.268391
    3.500000    24.868946     0.268391
    4.500000    24.868946     0.268391
    5.500000    24.868946     0.268391
    6.500000    24.868946     0.268391
    7.500000    24.868946     0.268391
    8.500000    24.253628     0.417342
    9.500000    20.544586     0.963642
   10.500000    14.817493     0.683925
   11.500000    10.575757     0.452227
   12.500000     7.678892     0.278654
   13.500000     5.554858     0.217045
   14.500000     3.949966     0.207541
   15.500000     2.822525     0.183359
   16.500000     2.158147     0.155658
   17.500000     1.951125     0.123078
   18.500000     2.086919     0.109207
   19.500000     2.426204     0.098655
   20.500000     2.687134     0.099081
   21.500000     2.767016     0.083008
   22.500000     2.629563     0.058809
   23.500000     2.367831     0.063497
   24.500000     2.089129     0.059984
   25.500000     1.784316     0.052467
   26.500000     1.495382     0.041176
   27.500000     1.195990     0.036565
   28.500000     0.932890     0.037670
   29.500000     0.693068     0.030837
   30.500000     0.529454     0.028072
   31.500000     0.426004     0.032170
   32.500000     0.347196     0.029463
   33.500000     0.296779     0.031049
   34.500000     0.255816     0.032107
   35.500000     0.207932     0.034034
   36.500000     0.165978     0.028970
   37.500000     0.139727     0.024386
   38.500000     0.101861     0.024002
   39.500000     0.086899     0.018874
   40.500000     0.074363     0.014934
   41.500000     0.068862     0.012831
   42.500000     0.048737     0.014632
   43.500000     0.042422     0.014562
   44.500000     0.048370     0.010842
   45.500000     0.018974     0.009824
   46.500000     0.031013     0.014245
   47.500000     0.014303     0.013498
   48.500000     0.000000     0.000000
   49.500000     0.014322     0.012920
   50.500000     0.001155     0.010659
   51.500000     0.016979     0.014212
   52.500000     0.014758     0.020562
   53.500000     0.023316     0.015500
   54.500000     0.007682     0.018027
   55.500000     0.016801     0.024479
   56.500000     0.005826     0.014370
   57.500000     0.010808     0.027645
   58.500000     0.019502     0.020289
   59.500000     0.013177     0.025611
   60.500000     0.014131     0.019725
   61.500000     0.016245     0.028005
   62.500000     0.034091     0.026477
   63.500000     0.110740     0.037168
   64.500000     0.258968     0.027571
   65.500000     0.536535     0.048718
   66.500000     0.893664     0.055646
   67.500000     1.386902     0.074446
   68.500000     1.983675     0.092511
   69.500000     2.743054     0.112877
   70.500000     3.835931     0.157852
   71.500000     5.365380     0.192756
   72.500000     7.215531     0.262106
   73.500000     9.567283     0.349756
   74.500000    12.468105     0.526535
   75.500000    16.008763     0.496254
   76.500000    20.987887     0.841592
   77.500000    24.253628     0.412214
