           z    400-600ns    600-800ns   800-1000ns
    0.500000    23.405551    25.234883    25.258835
    1.500000    23.405551    25.234883    25.258835
    2.500000    23.405551    25.234883    25.258835
    3.500000    23.405551    25.234883    25.258835
    4.500000    23.405551    25.234883    25.258835
    5.500000    23.405551    25.234883    25.258835
    6.500000    23.405551    25.234883    25.258835
    7.500000    23.405551    25.234883    25.258835
    8.500000    23.405551    25.234883    22.489904
    9.500000    14.750567    25.234883    19.720974
   10.500000    11.276974    15.755195    12.786034
   11.500000     8.605529    10.817471     9.844407
   12.500000     6.258070     7.878143     7.416535
   13.500000     4.386901     5.955881     5.484347
   14.500000     2.815644     4.152480     4.031556
   15.500000     1.910340     3.081135     2.893890
   16.500000     1.463894     2.429963     2.083541
   17.500000     1.469746     2.156098     2.037392
   18.500000     1.706493     2.444827     2.076897
   19.500000     2.173841     2.816853     2.090717
   20.500000     2.463173     3.032482     2.309903
   21.500000     2.653919     3.062018     2.501188
   22.500000     2.723143     2.695413     2.446220
   23.500000     2.440928     2.378327     2.346561
   24.500000     2.251381     2.081177     2.238691
   25.500000     1.899399     1.767996     1.885762
   26.500000     1.603808     1.504202     1.632522
   27.500000     1.251036     1.156513     1.314898
   28.500000     0.999298     0.882590     1.058287
   29.500000     0.763471     0.613529     0.767664
   30.500000     0.522419     0.454574     0.671155
   31.500000     0.447118     0.403917     0.577361
   32.500000     0.326234     0.339991     0.447582
   33.500000     0.328894     0.253033     0.436109
   34.500000     0.255462     0.254783     0.395966
   35.500000     0.287718     0.215820     0.338717
   36.500000     0.203783     0.158361     0.287755
   37.500000     0.170077     0.135358     0.247912
   38.500000     0.154136     0.053919     0.207959
   39.500000     0.108372     0.073161     0.118379
   40.500000     0.104961     0.077120     0.096648
   41.500000     0.058639     0.062479     0.091999
   42.500000     0.051954     0.069440     0.021691
   43.500000    -0.010217     0.047001    -0.006384
   44.500000     0.044811     0.052534     0.000326
   45.500000     0.015971     0.022021    -0.025297
   46.500000     0.035319     0.061320    -0.005714
   47.500000    -0.010217     0.046540    -0.025741
   48.500000    -0.036136    -0.036136    -0.036136
   49.500000    -0.068165    -0.024074     0.025985
   50.500000    -0.079506    -0.008127    -0.009955
   51.500000    -0.080411    -0.039477     0.055798
   52.500000    -0.145618     0.025901     0.039824
   53.500000    -0.087640    -0.029219     0.005930
   54.500000    -0.156178    -0.013079    -0.022858
   55.500000    -0.174987    -0.064720    -0.012630
   56.500000    -0.104726    -0.043701    -0.050882
   57.500000    -0.190193    -0.091675     0.008625
   58.500000    -0.146500    -0.067362     0.034370
   59.500000    -0.177165    -0.078781    -0.010401
   60.500000    -0.130583    -0.097118     0.035505
   61.500000    -0.173243    -0.111649    -0.005043
   62.500000    -0.147381    -0.051687    -0.013075
   63.500000    -0.133243     0.000450     0.065202
   64.500000     0.107397     0.196439     0.181110
   65.500000     0.330491     0.392269     0.436375
   66.500000     0.618479     0.763526     0.777399
   67.500000     1.060449     1.203081     1.267434
   68.500000     1.650129     1.804733     1.854724
   69.500000     2.410356     2.491775     2.516335
   70.500000     3.500354     3.449966     3.432499
   71.500000     5.196361     4.892271     4.875609
   72.500000     7.187990     6.715205     6.600240
   73.500000     9.400182     8.763532     8.876842
   74.500000    12.523801    11.134033    11.917647
   75.500000    16.940880    14.713802    15.899188
   76.500000    20.636620    17.561501    21.202425
   77.500000    23.405551    22.465952    25.258835
