           z    400-600ns    600-800ns   800-1000ns
    0.500000    23.422988    25.186057    25.184239
    1.500000    23.422988    25.186057    25.184239
    2.500000    23.422988    25.186057    25.184239
    3.500000    23.422988    25.186057    25.184239
    4.500000    23.422988    25.186057    25.184239
    5.500000    23.422988    25.186057    25.184239
    6.500000    23.422988    25.186057    25.184239
    7.500000    23.422988    25.186057    25.184239
    8.500000    23.422988    25.186057    25.184239
    9.500000    19.366578    21.129647    22.415309
   10.500000    15.310169    14.825055    18.719569
   11.500000    10.081800    10.639780    13.654187
   12.500000     7.117960     7.556314     9.151282
   13.500000     4.972412     5.627735     6.373660
   14.500000     3.263224     3.962106     4.567353
   15.500000     2.206820     2.572597     3.204463
   16.500000     1.638072     1.817247     2.378134
   17.500000     1.494727     1.676229     1.974381
   18.500000     1.583575     1.879630     1.980446
   19.500000     1.988306     2.225395     2.422971
   20.500000     2.271102     2.552212     2.629011
   21.500000     2.373679     2.652523     2.665936
   22.500000     2.466993     2.483987     2.629666
   23.500000     2.163763     2.158305     2.385254
   24.500000     1.828102     1.891318     1.989064
   25.500000     1.557623     1.610318     1.722829
   26.500000     1.315722     1.413033     1.409197
   27.500000     1.041158     1.111625     1.181018
   28.500000     0.825569     0.814905     0.893656
   29.500000     0.545610     0.558081     0.668292
   30.500000     0.404478     0.410355     0.489006
   31.500000     0.288455     0.291942     0.368444
   32.500000     0.202048     0.238935     0.241429
   33.500000     0.121911     0.232356     0.220448
   34.500000     0.112677     0.175134     0.204389
   35.500000     0.033879     0.115320     0.132148
   36.500000    -0.009010     0.132751     0.103629
   37.500000     0.061298     0.059014     0.033011
   38.500000    -0.003921     0.024336     0.007668
   39.500000    -0.024219     0.102805     0.012067
   40.500000     0.010013     0.045837    -0.016278
   41.500000     0.025899     0.050065    -0.024514
   42.500000     0.013276     0.020615    -0.071357
   43.500000     0.050389     0.028994    -0.076956
   44.500000    -0.015013     0.027596    -0.040680
   45.500000    -0.020540    -0.016293    -0.075613
   46.500000    -0.019620    -0.016064    -0.070684
   47.500000    -0.034764    -0.029995    -0.102773
   48.500000    -0.036136    -0.036136    -0.036136
   49.500000    -0.036594    -0.069763    -0.053808
   50.500000    -0.051182    -0.076927    -0.024514
   51.500000    -0.047998    -0.020868    -0.059221
   52.500000    -0.078760    -0.021554    -0.039999
   53.500000     0.002572    -0.004817    -0.076509
   54.500000    -0.019620    -0.033636    -0.054486
   55.500000    -0.004384    -0.027032    -0.031130
   56.500000     0.011411     0.002094    -0.084105
   57.500000    -0.012244    -0.076480    -0.016966
   58.500000    -0.013629    -0.044755    -0.000878
   59.500000    -0.003457    -0.052893    -0.006635
   60.500000     0.007686    -0.027260    -0.005945
   61.500000     0.014208    -0.083401     0.046836
   62.500000    -0.030185    -0.037726     0.024613
   63.500000     0.063676     0.051241     0.071392
   64.500000     0.197529     0.202708     0.169119
   65.500000     0.541581     0.479648     0.332661
   66.500000     0.984308     0.828316     0.680347
   67.500000     1.542179     1.328080     1.071764
   68.500000     2.070286     1.936629     1.577258
   69.500000     2.969471     2.630175     2.233628
   70.500000     4.375216     3.688854     3.133107
   71.500000     6.258779     5.176288     4.432607
   72.500000     8.471422     6.782624     5.946398
   73.500000    11.420457     9.333527     7.761437
   74.500000    16.001856    12.056125    10.314202
   75.500000    18.518537    16.085139    13.815118
   76.500000    23.422988    25.186057    18.043439
   77.500000    23.422988    25.186057    25.184239
