           z    400-600ns    600-800ns   800-1000ns
    0.500000    25.258614    25.232430    25.311693
    1.500000    25.258614    25.232430    25.311693
    2.500000    25.258614    25.232430    25.311693
    3.500000    25.258614    25.232430    25.311693
    4.500000    25.258614    25.232430    25.311693
    5.500000    25.258614    25.232430    25.311693
    6.500000    25.258614    25.232430    25.311693
    7.500000    25.258614    25.232430    25.311693
    8.500000    25.258614    22.463500    25.311693
    9.500000    19.720753    19.694569    22.542762
   10.500000    14.245905    14.711350    15.401962
   11.500000    10.004994    10.280864    10.927554
   12.500000     7.901875     7.075171     8.429451
   13.500000     5.691708     4.940722     6.235131
   14.500000     4.088517     3.536132     4.807453
   15.500000     2.971082     2.508840     3.728330
   16.500000     2.347477     1.955324     2.984440
   17.500000     2.076165     1.716335     2.633822
   18.500000     2.322030     1.921149     2.541994
   19.500000     2.666349     2.395114     2.731065
   20.500000     2.832992     2.645978     3.122124
   21.500000     2.777110     2.727446     3.164094
   22.500000     2.450732     2.480226     2.964457
   23.500000     2.168686     2.198716     2.744710
   24.500000     1.905017     1.966655     2.325524
   25.500000     1.609721     1.661061     2.018907
   26.500000     1.345042     1.330723     1.578960
   27.500000     1.041424     1.042468     1.298542
   28.500000     0.808772     0.742474     1.045227
   29.500000     0.627476     0.588399     0.779860
   30.500000     0.460768     0.458356     0.568750
   31.500000     0.398366     0.281763     0.451445
   32.500000     0.388942     0.221260     0.393112
   33.500000     0.303397     0.162175     0.287464
   34.500000     0.267783     0.064897     0.246027
   35.500000     0.180408     0.046391     0.195764
   36.500000     0.109256     0.037189     0.144857
   37.500000     0.118628     0.017745     0.089272
   38.500000     0.072575     0.008193     0.066656
   39.500000     0.040741    -0.034351     0.059911
   40.500000    -0.003028     0.011600     0.017163
   41.500000     0.041196     0.002977    -0.014210
   42.500000     0.022599    -0.043042     0.028226
   43.500000    -0.042090     0.029165     0.036666
   44.500000     0.018536    -0.019127     0.041120
   45.500000     0.003690    -0.022269    -0.036136
   46.500000     0.039831    -0.028317    -0.042181
   47.500000    -0.027513    -0.028094     0.016060
   48.500000    -0.036136    -0.036136    -0.036136
   49.500000     0.007506     0.033518    -0.010938
   50.500000    -0.059428    -0.006069     0.000879
   51.500000    -0.006605     0.019113     0.007248
   52.500000    -0.027291     0.044318     0.010769
   53.500000    -0.013964     0.054934     0.033331
   54.500000     0.004363     0.032371     0.007028
   55.500000     0.022373     0.093149     0.025345
   56.500000    -0.003923     0.015467    -0.014428
   57.500000     0.021018     0.087051     0.042903
   58.500000     0.028255     0.037878     0.022910
   59.500000    -0.018192     0.046391     0.094502
   60.500000    -0.037240     0.008647     0.048262
   61.500000     0.013577     0.039487     0.080201
   62.500000     0.035285     0.127426     0.074323
   63.500000     0.175122     0.271914     0.105682
   64.500000     0.303144     0.387705     0.260331
   65.500000     0.687647     0.738831     0.564083
   66.500000     0.986180     1.138016     0.941178
   67.500000     1.571000     1.694080     1.418825
   68.500000     2.215173     2.471765     1.947152
   69.500000     3.159179     3.198144     2.753194
   70.500000     4.389277     4.352892     3.875990
   71.500000     5.862309     5.856841     5.412122
   72.500000     8.144927     7.511934     7.253810
   73.500000    10.347483     9.806899    10.069962
   74.500000    13.171356    12.586933    12.181761
   75.500000    17.145794    16.271570    14.363613
   76.500000    22.489683    21.176020    18.847022
   77.500000    25.258614    25.232430    22.542762
