           z         mean           se
    0.500000    24.725584     0.317141
    1.500000    24.725584     0.317141
    2.500000    24.725584     0.317141
    3.500000    24.417925     0.429278
    4.500000    22.941257     0.772324
    5.500000    20.106109     0.671083
    6.500000    17.002810     0.634412
    7.500000    13.957125     0.414033
    8.500000    11.304082     0.396276
    9.500000     8.796455     0.262892
   10.500000     6.494840     0.165054
   11.500000     4.622894     0.135798
   12.500000     3.256097     0.127570
   13.500000     2.374323     0.134493
   14.500000     1.909876     0.130556
   15.500000     1.816574     0.103606
   16.500000     1.999491     0.103135
   17.500000     2.457995     0.109067
   18.500000     2.978067     0.085594
   19.500000     3.416470     0.084446
   20.500000     3.523450     0.089116
   21.500000     3.172723     0.077112
   22.500000     2.579825     0.065351
   23.500000     1.841695     0.045365
   24.500000     1.211973     0.053339
   25.500000     0.753636     0.053780
   26.500000     0.405827     0.049340
   27.500000     0.177686     0.056003
   28.500000     0.043148     0.052922
   29.500000     0.000100     0.058159
   30.500000    -0.032150     0.052559
   31.500000    -0.045917     0.050113
   32.500000    -0.026089     0.053180
   33.500000    -0.007770     0.047561
   34.500000    -0.014907     0.053250
   35.500000    -0.005377     0.055316
   36.500000     0.002518     0.049124
   37.500000    -0.004118     0.053334
   38.500000     0.022373     0.049285
   39.500000    -0.006174     0.047419
   40.500000    -0.002968     0.045353
   41.500000    -0.009391     0.049456
   42.500000    -0.005719     0.043722
   43.500000    -0.005393     0.041553
   44.500000     0.001854     0.039142
   45.500000     0.005600     0.037528
   46.500000     0.012519     0.038230
   47.500000    -0.001055     0.041368
   48.500000     0.000435     0.033249
   49.500000     0.004116     0.036693
   50.500000    -0.018800     0.030885
   51.500000    -0.017891     0.025935
   52.500000    -0.015521     0.025390
   53.500000    -0.032570     0.019387
   54.500000    -0.037770     0.016781
   55.500000    -0.045683     0.019285
   56.500000    -0.056231     0.000000
   57.500000    -0.041211     0.012482
   58.500000    -0.040850     0.011131
   59.500000    -0.045543     0.017342
   60.500000    -0.030797     0.012643
   61.500000    -0.031033     0.017258
   62.500000    -0.005794     0.019637
   63.500000     0.027528     0.017350
   64.500000     0.142442     0.016299
   65.500000     0.323383     0.024401
   66.500000     0.642242     0.034271
   67.500000     1.129191     0.042895
   68.500000     1.764549     0.080310
   69.500000     2.656683     0.111243
   70.500000     3.812675     0.161345
   71.500000     5.363873     0.233811
   72.500000     7.338041     0.348047
   73.500000     9.860692     0.574513
   74.500000    12.616527     0.773293
   75.500000    16.414076     1.475111
   76.500000    19.203251     1.154189
   77.500000    22.806956     0.832864
   78.500000    24.417925     0.415320
