           z    400-600ns    600-800ns   800-1000ns
    0.500000    24.867982    25.084929    25.073170
    1.500000    24.867982    25.084929    25.073170
    2.500000    24.867982    25.084929    25.073170
    3.500000    22.099051    25.084929    25.073170
    4.500000    22.099051    25.084929    25.073170
    5.500000    20.811572    20.180478    20.168720
    6.500000    19.330121    17.411548    17.652038
    7.500000    15.634381    13.355138    14.125091
    8.500000    12.189321     9.604605    11.270351
    9.500000     9.863492     7.662127     8.971510
   10.500000     6.849389     5.609644     6.483077
   11.500000     4.827846     3.730117     4.625688
   12.500000     3.290401     2.460618     3.249458
   13.500000     2.321935     1.569728     2.414074
   14.500000     1.808950     1.214102     1.955861
   15.500000     1.678908     1.321614     1.768201
   16.500000     1.876302     1.628092     1.879011
   17.500000     2.451335     2.150596     2.231761
   18.500000     2.953187     2.662755     2.791468
   19.500000     3.290401     3.125798     3.439303
   20.500000     3.350937     3.393237     3.649745
   21.500000     3.060069     3.119173     3.306088
   22.500000     2.423823     2.510790     2.561518
   23.500000     1.647545     1.848455     1.792135
   24.500000     0.987077     1.303440     1.109691
   25.500000     0.506402     0.785484     0.694387
   26.500000     0.125039     0.442327     0.300182
   27.500000    -0.181434     0.281444     0.100585
   28.500000    -0.284180     0.167117    -0.039676
   29.500000    -0.351256     0.084652    -0.051984
   30.500000    -0.366224     0.042335    -0.075252
   31.500000    -0.347387     0.082916    -0.067285
   32.500000    -0.360112     0.092604    -0.022535
   33.500000    -0.316904     0.071043     0.038885
   34.500000    -0.372999     0.094347     0.020350
   35.500000    -0.339629     0.158160     0.024241
   36.500000    -0.309515     0.132491     0.031552
   37.500000    -0.360338     0.090862     0.062494
   38.500000    -0.270830     0.197810     0.068927
   39.500000    -0.272004     0.159694     0.066946
   40.500000    -0.284647     0.186934     0.004122
   41.500000    -0.287682     0.214473    -0.018470
   42.500000    -0.211907     0.208993     0.021565
   43.500000    -0.264246     0.196772     0.031552
   44.500000    -0.221265     0.188485     0.028625
   45.500000    -0.205890     0.130217     0.038885
   46.500000    -0.213829     0.147454     0.065956
   47.500000    -0.235594     0.174562     0.067441
   48.500000    -0.183866     0.146691     0.049679
   49.500000    -0.162139     0.203005     0.082339
   50.500000    -0.099582     0.072277     0.085080
   51.500000    -0.056486     0.114602     0.008714
   52.500000    -0.090517     0.041847     0.023511
   53.500000    -0.085214     0.020472     0.046976
   54.500000    -0.053672    -0.002401     0.055093
   55.500000    -0.132047    -0.006712     0.050170
   56.500000    -0.056231    -0.056231    -0.056231
   57.500000    -0.072289    -0.011493     0.037172
   58.500000    -0.094298    -0.073766    -0.012721
   59.500000    -0.112368    -0.042350     0.037417
   60.500000    -0.050599    -0.066533    -0.037777
   61.500000    -0.092030    -0.052004     0.030088
   62.500000    -0.061084    -0.035026     0.076618
   63.500000    -0.009257     0.011780     0.123769
   64.500000     0.133572     0.122145     0.235845
   65.500000     0.280887     0.350243     0.467727
   66.500000     0.615163     0.725267     0.816016
   67.500000     1.084081     1.245759     1.315536
   68.500000     1.778054     2.045266     1.981126
   69.500000     2.684475     3.119173     2.951092
   70.500000     3.928088     4.544033     4.143236
   71.500000     5.745007     6.377659     5.725470
   72.500000     7.870329     9.000269     7.640357
   73.500000    10.804892    13.082397    10.230907
   74.500000    13.554872    16.778137    13.760060
   75.500000    15.059080    25.084929    18.608500
   76.500000    18.403312    25.084929    22.304240
   77.500000    22.099051    25.084929    25.073170
   78.500000    24.867982    25.084929    25.073170
