           z    400-600ns    600-800ns   800-1000ns
    0.500000    22.196855    25.095932    25.104327
    1.500000    22.196855    25.095932    25.104327
    2.500000    22.196855    25.095932    25.104327
    3.500000    22.196855    25.095932    25.104327
    4.500000    22.196855    22.327001    21.047917
    5.500000    22.196855    19.558071    22.335397
    6.500000    17.292405    16.983112    16.003409
    7.500000    15.732185    13.464032    12.855709
    8.500000    13.541871    11.293113    11.079571
    9.500000     9.796589     8.531222     8.618386
   10.500000     7.205493     6.521670     6.735115
   11.500000     5.140517     4.797804     4.831975
   12.500000     3.790025     3.578886     3.330096
   13.500000     2.929890     2.780890     2.364259
   14.500000     2.422368     2.413078     2.008054
   15.500000     2.147857     2.312444     1.806661
   16.500000     2.190683     2.568346     2.064665
   17.500000     2.346575     3.058428     2.618110
   18.500000     2.835172     3.372174     3.161001
   19.500000     3.403689     3.495303     3.760077
   20.500000     3.441833     3.410703     3.930831
   21.500000     2.874993     3.083470     3.637182
   22.500000     2.458132     2.446275     3.022996
   23.500000     1.719342     1.797778     2.094547
   24.500000     1.113279     1.211934     1.494760
   25.500000     0.717644     0.769438     1.051120
   26.500000     0.386302     0.457050     0.610728
   27.500000     0.175480     0.241724     0.404059
   28.500000    -0.016064     0.103109     0.242244
   29.500000    -0.082657     0.055534     0.289066
   30.500000    -0.090677     0.020374     0.201171
   31.500000    -0.138267    -0.027806     0.186003
   32.500000    -0.133977     0.010520     0.201944
   33.500000    -0.105193    -0.000968     0.205816
   34.500000    -0.133977     0.034621     0.169652
   35.500000    -0.148958     0.059689     0.179603
   36.500000    -0.116026     0.068264     0.175261
   37.500000    -0.137552     0.051387     0.171181
   38.500000    -0.114584     0.104851     0.166853
   39.500000    -0.118906     0.057244     0.136010
   40.500000    -0.090677     0.043355     0.107775
   41.500000    -0.126094     0.066056     0.095629
   42.500000    -0.184273     0.063606     0.081819
   43.500000    -0.087034     0.041168     0.007428
   44.500000    -0.122503     0.061647     0.044228
   45.500000    -0.137552     0.103607     0.060514
   46.500000    -0.097219     0.107343     0.087235
   47.500000    -0.113141     0.129625     0.000513
   48.500000    -0.108086     0.077608     0.013404
   49.500000    -0.133977     0.064586     0.008383
   50.500000    -0.166678     0.099379    -0.091832
   51.500000    -0.125376     0.096151    -0.048302
   52.500000    -0.138267     0.125103    -0.042223
   53.500000    -0.105917     0.045543    -0.055998
   54.500000    -0.087034     0.009321    -0.087007
   55.500000    -0.097945    -0.018338    -0.086547
   56.500000    -0.056231    -0.056231    -0.056231
   57.500000    -0.039201    -0.090107    -0.055765
   58.500000    -0.019810    -0.075545    -0.049003
   59.500000    -0.043654    -0.094942    -0.109674
   60.500000    -0.030270    -0.084569    -0.007095
   61.500000    -0.068010    -0.102981    -0.030489
   62.500000     0.007287    -0.079020     0.009100
   63.500000     0.005774    -0.048041     0.018675
   64.500000     0.119477     0.067283     0.155685
   65.500000     0.234410     0.311835     0.286665
   66.500000     0.524601     0.632545     0.580574
   67.500000     0.995204     1.197680     0.984805
   68.500000     1.532401     1.878009     1.481012
   69.500000     2.256317     2.776574     2.354546
   70.500000     3.270409     4.052579     3.320300
   71.500000     4.714573     5.596327     4.585361
   72.500000     6.261531     7.508118     6.276456
   73.500000     7.986008     9.626471     8.059617
   74.500000     9.948237    12.226962     9.898602
   75.500000    12.837209    13.618390    12.174986
   76.500000    15.371515    17.955132    14.583247
   77.500000    18.140446    22.327001    20.199876
   78.500000    22.196855    25.095932    25.104327
