           z    400-600ns    600-800ns   800-1000ns
    0.500000    25.021253    25.104327    24.981479
    1.500000    25.021253    25.104327    24.981479
    2.500000    25.021253    25.104327    24.981479
    3.500000    25.021253    25.104327    24.981479
    4.500000    25.021253    25.104327    18.516809
    5.500000    20.116803    20.199876    15.387209
    6.500000    17.880453    17.963527    12.508679
    7.500000    14.277641    14.290700    11.879244
    8.500000    11.485156    11.544893     9.727860
    9.500000     8.828083     9.214663     7.682024
   10.500000     6.590773     6.640442     5.817954
   11.500000     4.624120     4.761716     4.266258
   12.500000     3.053018     3.500832     3.051539
   13.500000     2.093688     2.656067     2.238372
   14.500000     1.558016     2.106050     1.702408
   15.500000     1.476706     2.003833     1.832941
   16.500000     1.552544     2.172812     2.062965
   17.500000     1.968662     2.661537     2.634954
   18.500000     2.684703     3.277991     3.064154
   19.500000     3.007169     3.760077     3.466411
   20.500000     3.113219     3.917277     3.503271
   21.500000     2.934399     3.328312     3.210820
   22.500000     2.423834     2.719694     2.651362
   23.500000     1.794289     1.992261     1.888906
   24.500000     1.107299     1.396331     1.183946
   25.500000     0.606534     0.927058     0.724658
   26.500000     0.364679     0.595606     0.370528
   27.500000     0.111659     0.317529     0.148127
   28.500000    -0.004204     0.194732     0.025252
   29.500000    -0.033996     0.121478    -0.029938
   30.500000    -0.061519     0.100579    -0.060139
   31.500000    -0.032539     0.035521    -0.104412
   32.500000    -0.008131     0.069797    -0.084912
   33.500000    -0.001993     0.052965    -0.013582
   34.500000    -0.006659     0.093157    -0.032654
   35.500000     0.011566     0.107029    -0.100092
   36.500000     0.032664     0.072981    -0.065015
   37.500000     0.053438     0.081819    -0.050357
   38.500000     0.025446     0.079607    -0.056719
   39.500000     0.011072     0.046167    -0.141786
   40.500000     0.028182     0.057833    -0.079589
   41.500000     0.077174     0.005757    -0.111358
   42.500000    -0.011073     0.033831    -0.054030
   43.500000     0.000959     0.064418    -0.039553
   44.500000     0.058722     0.006712    -0.027961
   45.500000     0.072358     0.027325    -0.039061
   46.500000     0.054695     0.015799    -0.054763
   47.500000     0.028182    -0.045264    -0.015819
   48.500000     0.007367    -0.043393     0.044514
   49.500000    -0.009603     0.006473    -0.022021
   50.500000    -0.014011    -0.056463     0.002630
   51.500000    -0.043203    -0.055532    -0.051582
   52.500000    -0.024754    -0.030019    -0.004366
   53.500000    -0.030595    -0.040583    -0.087810
   54.500000    -0.054064    -0.090225    -0.029938
   55.500000    -0.085892    -0.026723    -0.007110
   56.500000    -0.056231    -0.056231    -0.056231
   57.500000    -0.061999    -0.029313    -0.047906
   58.500000    -0.007641    -0.005671    -0.029197
   59.500000     0.008848    -0.032135    -0.021030
   60.500000     0.021224     0.026843    -0.048396
   61.500000     0.025198     0.029732    -0.018798
   62.500000     0.060485     0.042775    -0.073284
   63.500000     0.092187     0.012926     0.039938
   64.500000     0.192412     0.145576     0.109979
   65.500000     0.405674     0.304063     0.268944
   66.500000     0.686346     0.708142     0.491523
   67.500000     1.187595     1.197637     0.954419
   68.500000     1.873750     1.934670     1.376655
   69.500000     2.760799     2.868271     2.138901
   70.500000     3.963630     4.024274     3.067528
   71.500000     5.462931     5.847033     4.220493
   72.500000     7.350266     8.317086     5.817954
   73.500000     9.901599    11.158033     7.896304
   74.500000    12.695671    14.432731    10.253474
   75.500000    16.714462    21.047917    12.581213
   76.500000    19.483392    22.335397    17.308098
   77.500000    22.252323    25.104327    24.981479
   78.500000    22.252323    25.104327    24.981479
