           z         mean           se
    0.500000    19.768108     1.382087
    1.500000    19.396032     1.454906
    2.500000    19.007186     1.345062
    3.500000    18.980068     1.165680
    4.500000    18.812774     1.003696
    5.500000    18.479855     1.020866
    6.500000    16.381452     0.742442
    7.500000    14.013746     0.536357
    8.500000    11.216378     0.360570
    9.500000     8.751263     0.297125
   10.500000     6.593212     0.199791
   11.500000     4.952888     0.141934
   12.500000     3.774969     0.123605
   13.500000     2.981802     0.111340
   14.500000     2.583060     0.071885
   15.500000     2.436030     0.071252
   16.500000     2.560886     0.063372
   17.500000     2.813803     0.083290
   18.500000     3.045428     0.083361
   19.500000     3.105904     0.070367
   20.500000     2.975864     0.031943
   21.500000     2.517707     0.034702
   22.500000     1.966152     0.029111
   23.500000     1.408892     0.023201
   24.500000     0.958987     0.024006
   25.500000     0.605405     0.026155
   26.500000     0.360579     0.016869
   27.500000     0.202145     0.021480
   28.500000     0.083963     0.015798
   29.500000     0.030147     0.015394
   30.500000     0.002982     0.014467
   31.500000    -0.018779     0.007123
   32.500000    -0.029605     0.000000
   33.500000    -0.009651     0.010307
   34.500000    -0.015944     0.015327
   35.500000    -0.018099     0.012671
   36.500000    -0.026178     0.016637
   37.500000    -0.015785     0.013509
   38.500000    -0.008777     0.019400
   39.500000    -0.000559     0.017565
   40.500000    -0.004946     0.011687
   41.500000     0.012739     0.012884
   42.500000    -0.018117     0.014751
   43.500000     0.003363     0.015941
   44.500000     0.003843     0.009653
   45.500000    -0.001548     0.018409
   46.500000    -0.001638     0.017864
   47.500000    -0.017909     0.015260
   48.500000     0.008392     0.015847
   49.500000     0.015821     0.013578
   50.500000     0.007145     0.016915
   51.500000     0.011255     0.018884
   52.500000    -0.002568     0.017476
   53.500000    -0.007359     0.017055
   54.500000     0.006818     0.025748
   55.500000     0.008651     0.022574
   56.500000    -0.014800     0.020506
   57.500000     0.001646     0.015972
   58.500000     0.011961     0.024619
   59.500000     0.002932     0.027342
   60.500000    -0.004746     0.028356
   61.500000     0.012751     0.032847
   62.500000     0.027912     0.036089
   63.500000     0.035783     0.030470
   64.500000     0.094786     0.039339
   65.500000     0.228033     0.046628
   66.500000     0.474311     0.053839
   67.500000     0.922469     0.070745
   68.500000     1.641763     0.095985
   69.500000     2.581994     0.113504
   70.500000     3.918509     0.140246
   71.500000     5.594418     0.171164
   72.500000     7.584423     0.177175
   73.500000    10.217938     0.232487
   74.500000    13.234382     0.353446
   75.500000    16.934780     0.520265
   76.500000    21.417834     0.699007
   77.500000    24.035657     0.415789
