           z    400-600ns    600-800ns   800-1000ns
    0.500000    15.583442    18.950749    15.822686
    1.500000    14.769927    17.091713    16.243727
    2.500000    14.295962    17.573247    16.569391
    3.500000    14.950031    17.320997    18.591616
    4.500000    16.792152    17.573247    18.591616
    5.500000    16.792152    17.853578    19.518426
    6.500000    16.792152    15.514691    16.401303
    7.500000    14.295962    14.396917    13.526235
    8.500000    12.119625    10.912338    11.473729
    9.500000    10.182592     7.926466     8.314635
   10.500000     7.303463     5.468508     6.298309
   11.500000     5.133521     3.984639     4.847891
   12.500000     3.797137     3.000659     3.847925
   13.500000     2.986091     2.397603     3.274038
   14.500000     2.467979     2.329008     3.013965
   15.500000     2.466661     2.210293     2.824692
   16.500000     2.859689     2.388605     2.687110
   17.500000     3.279610     2.669277     2.845618
   18.500000     3.476423     2.975431     3.061750
   19.500000     3.532147     3.013780     3.048701
   20.500000     3.107239     2.913048     2.875816
   21.500000     2.595142     2.473420     2.416738
   22.500000     1.994316     1.890723     2.059108
   23.500000     1.371740     1.433968     1.533940
   24.500000     0.928138     0.922814     1.067479
   25.500000     0.588322     0.500173     0.681316
   26.500000     0.347392     0.294949     0.355460
   27.500000     0.165307     0.095609     0.199188
   28.500000     0.048480     0.020288     0.074187
   29.500000    -0.002525    -0.009617     0.083952
   30.500000    -0.012406    -0.060628    -0.032481
   31.500000    -0.033031    -0.031079    -0.035593
   32.500000    -0.029605    -0.029605    -0.029605
   33.500000     0.025850    -0.057713     0.011010
   34.500000     0.017853    -0.077806     0.001038
   35.500000     0.006401    -0.010856    -0.010588
   36.500000    -0.022739    -0.066932    -0.002116
   37.500000    -0.038893    -0.041375     0.010036
   38.500000    -0.028135    -0.028130     0.042401
   39.500000    -0.010926    -0.033780     0.021023
   40.500000    -0.005493    -0.058199     0.001766
   41.500000    -0.000544    -0.005402     0.039441
   42.500000     0.004911    -0.089114     0.007844
   43.500000    -0.038405    -0.086712    -0.010104
   44.500000     0.005905    -0.035987     0.017111
   45.500000     0.032869    -0.030834    -0.001874
   46.500000     0.002430    -0.085030    -0.017103
   47.500000    -0.012406    -0.089594     0.026166
   48.500000     0.015858    -0.022960     0.089980
   49.500000     0.050501    -0.046019     0.034516
   50.500000     0.010876     0.002800     0.027392
   51.500000    -0.020774     0.008533     0.025186
   52.500000    -0.041818     0.000561     0.011498
   53.500000    -0.066070     0.029330     0.029601
   54.500000    -0.062205    -0.032553     0.074437
   55.500000    -0.071855     0.010530     0.040181
   56.500000    -0.103917    -0.028622     0.025431
   57.500000    -0.026174     0.028575     0.025921
   58.500000    -0.059303     0.081185     0.017111
   59.500000    -0.092001     0.098193    -0.012037
   60.500000    -0.133697     0.067355    -0.022881
   61.500000    -0.134636     0.140170    -0.008654
   62.500000    -0.111039     0.125752    -0.021919
   63.500000    -0.081948     0.166600     0.019310
   64.500000    -0.060754     0.259141     0.034516
   65.500000     0.021349     0.356356     0.140270
   66.500000     0.236679     0.484452     0.370031
   67.500000     0.601498     0.837829     0.912252
   68.500000     1.356416     1.314294     1.571683
   69.500000     2.245875     2.099778     2.583560
   70.500000     3.530135     3.166295     3.976234
   71.500000     5.164095     4.617359     5.646266
   72.500000     7.129874     6.781520     7.295994
   73.500000     9.391512     9.179537     9.790834
   74.500000    12.979842    12.348881    11.845045
   75.500000    16.792152    15.893460    14.242659
   76.500000    23.256823    20.937969    17.915487
   77.500000    23.256823    24.994378    22.287356
