           z    400-600ns    600-800ns   800-1000ns
    0.500000    25.092951    16.792152    16.568192
    1.500000    25.092951    16.116023    16.568192
    2.500000    22.324021    16.116023    16.942268
    3.500000    21.036541    14.295962    20.150637
    4.500000    18.628281    14.601839    20.998678
    5.500000    16.606055    14.601839    19.517226
    6.500000    12.805557    16.116023    15.954169
    7.500000    11.186823    14.601839    13.917890
    8.500000     9.667420    11.254292    11.049718
    9.500000     7.625408     9.720725     8.306872
   10.500000     6.172034     7.155162     6.300065
   11.500000     4.972435     5.152586     4.642590
   12.500000     3.718195     3.939687     3.559877
   13.500000     2.737199     3.041792     2.658576
   14.500000     2.461010     2.632885     2.340083
   15.500000     2.447080     2.585448     2.133175
   16.500000     2.557437     2.720298     2.254321
   17.500000     2.842080     3.071787     2.462178
   18.500000     3.236207     3.198994     2.705720
   19.500000     3.170572     3.218463     2.917511
   20.500000     3.088621     3.025281     2.964295
   21.500000     2.598674     2.627258     2.496589
   22.500000     1.990876     2.055171     1.900350
   23.500000     1.408681     1.388017     1.275209
   24.500000     1.003518     0.924560     0.821029
   25.500000     0.609687     0.645922     0.468577
   26.500000     0.436946     0.389256     0.277216
   27.500000     0.239532     0.262942     0.109486
   28.500000     0.098387     0.132714     0.011518
   29.500000     0.073888     0.075395    -0.051107
   30.500000    -0.021556     0.074374    -0.022878
   31.500000     0.006100     0.021349    -0.042767
   32.500000    -0.029605    -0.029605    -0.029605
   33.500000    -0.016096     0.022348    -0.038945
   34.500000    -0.044687    -0.025684    -0.020230
   35.500000    -0.045156     0.008389    -0.098476
   36.500000    -0.013243    -0.002525    -0.087010
   37.500000     0.004423    -0.036940    -0.032482
   38.500000     0.001789     0.001438    -0.027685
   39.500000    -0.021082    -0.043767    -0.028405
   40.500000     0.008979    -0.000049    -0.028885
   41.500000     0.022696    -0.010433     0.050348
   42.500000    -0.037864    -0.071855     0.006158
   43.500000     0.015467    -0.019791     0.058038
   44.500000    -0.002993    -0.019791     0.040214
   45.500000     0.031398    -0.112461     0.026684
   46.500000     0.021008    -0.080029     0.077239
   47.500000    -0.008719    -0.087698    -0.015168
   48.500000    -0.025584    -0.056397     0.038242
   49.500000     0.056708    -0.040844     0.009567
   50.500000     0.044022    -0.101538     0.011274
   51.500000     0.091682    -0.104868     0.032087
   52.500000     0.094163    -0.105343     0.013958
   53.500000     0.072903    -0.074262     0.027665
   54.500000     0.125639    -0.110091     0.090290
   55.500000     0.149887    -0.083866     0.025703
   56.500000     0.095901    -0.093434     0.008106
   57.500000     0.073396    -0.086262     0.048863
   58.500000     0.110102    -0.125224     0.081248
   59.500000     0.111101    -0.111039     0.089032
   60.500000     0.113101    -0.100110     0.102650
   61.500000     0.122875    -0.106293     0.121177
   62.500000     0.168994    -0.116723     0.161230
   63.500000     0.132183    -0.061238     0.147808
   64.500000     0.205832    -0.034497     0.246778
   65.500000     0.385149     0.075395     0.405632
   66.500000     0.645271     0.350807     0.734760
   67.500000     1.146752     0.774645     1.303961
   68.500000     1.938730     1.457730     2.155343
   69.500000     2.877034     2.443038     3.206127
   70.500000     4.253176     3.909122     4.536121
   71.500000     6.282372     5.613256     5.921914
   72.500000     8.411153     7.629127     7.896442
   73.500000    11.186823    10.239553    10.327082
   74.500000    14.571871    12.895821    12.806469
   75.500000    18.628281    17.718962    15.575400
   76.500000    21.036541    20.487892    19.517226
   77.500000    25.092951    23.256823    22.286157
