           z    400-600ns    600-800ns   800-1000ns
    0.500000    19.006655    25.063710    25.032432
    1.500000    18.585614    25.063710    25.032432
    2.500000    17.147619    25.063710    25.032432
    3.500000    17.147619    25.063710    22.263502
    4.500000    16.937465    25.063710    20.127981
    5.500000    16.237725    25.063710    20.127981
    6.500000    14.950245    21.007300    17.891632
    7.500000    12.404787    16.950891    14.842370
    8.500000    10.322278    13.431811    10.716187
    9.500000     8.571628     9.694190     8.418849
   10.500000     6.837426     7.208703     6.595235
   11.500000     5.219222     5.359238     5.263870
   12.500000     3.860982     3.837540     4.412723
   13.500000     3.276053     3.025403     3.439463
   14.500000     2.695950     2.584229     2.722435
   15.500000     2.595885     2.313323     2.347712
   16.500000     2.660753     2.507174     2.412583
   17.500000     2.875135     2.688902     2.589642
   18.500000     2.908077     3.129579     2.716670
   19.500000     3.035388     3.216483     2.800093
   20.500000     2.880469     3.057752     2.870255
   21.500000     2.492439     2.631207     2.327893
   22.500000     1.957711     2.044656     1.802461
   23.500000     1.431257     1.451129     1.386086
   24.500000     1.022859     0.991787     0.948703
   25.500000     0.635252     0.709493     0.609900
   26.500000     0.406825     0.376050     0.361115
   27.500000     0.243314     0.242849     0.261073
   28.500000     0.129654     0.117856     0.122580
   29.500000     0.041091     0.050565     0.009678
   30.500000     0.046784     0.029915     0.025712
   31.500000    -0.028643    -0.017140    -0.008209
   32.500000    -0.029605    -0.029605    -0.029605
   33.500000    -0.011511     0.018434    -0.040235
   34.500000    -0.032488     0.082360    -0.043849
   35.500000     0.010619     0.020384    -0.043608
   36.500000    -0.058526     0.078613    -0.061122
   37.500000    -0.045899     0.077615    -0.038547
   38.500000    -0.105146     0.104707    -0.040235
   39.500000    -0.039202     0.122423     0.028684
   40.500000    -0.043987     0.025267     0.056086
   41.500000    -0.054244     0.075620    -0.002832
   42.500000    -0.039681     0.048097     0.008449
   43.500000     0.021145     0.064674     0.025960
   44.500000    -0.029364     0.046618     0.012877
   45.500000    -0.007391     0.082360    -0.034684
   46.500000     0.003302     0.049577     0.013862
   47.500000    -0.015623     0.049824    -0.007965
   48.500000    -0.007634     0.063929    -0.019902
   49.500000     0.001111     0.067903     0.008940
   50.500000     0.042080     0.066909    -0.039512
   51.500000    -0.001321     0.072381    -0.001608
   52.500000     0.002815     0.000463     0.000596
   53.500000    -0.004965    -0.024818    -0.055617
   54.500000    -0.035847     0.017459    -0.005767
   55.500000    -0.009815     0.014537     0.002557
   56.500000    -0.043509     0.009432    -0.002587
   57.500000    -0.026959    -0.007992    -0.014550
   58.500000    -0.001321    -0.005579     0.009432
   59.500000    -0.054958     0.002884    -0.004789
   60.500000    -0.015623    -0.018582    -0.034925
   61.500000    -0.012721    -0.007269     0.000106
   62.500000     0.047032    -0.030800     0.028684
   63.500000    -0.017557     0.009918     0.006974
   64.500000     0.101642     0.035797     0.064617
   65.500000     0.303772     0.172443     0.191933
   66.500000     0.581990     0.349229     0.515583
   67.500000     1.032732     0.780701     0.911854
   68.500000     1.866815     1.459749     1.655105
   69.500000     2.797198     2.383347     2.601991
   70.500000     4.305356     3.688954     3.901190
   71.500000     6.143246     5.309029     5.652225
   72.500000     8.275985     7.347674     7.492040
   73.500000    11.205632    10.306651    10.333819
   74.500000    14.950245    14.115630    12.595638
   75.500000    18.585614    18.599040    16.377448
   76.500000    25.050284    22.294780    22.263502
   77.500000    25.050284    25.063710    25.032432
