           z         mean           se
    0.500000    19.744101     1.721438
    1.500000    18.837922     1.627695
    2.500000    18.286251     1.328255
    3.500000    16.770898     1.080635
    4.500000    15.510087     0.692444
    5.500000    13.475758     0.345619
    6.500000    11.199143     0.288436
    7.500000     8.505224     0.155810
    8.500000     6.300711     0.126935
    9.500000     4.359995     0.085088
   10.500000     2.639300     0.060699
   11.500000     1.352224     0.044112
   12.500000     0.509511     0.029608
   13.500000     0.060162     0.016549
   14.500000     0.000000     0.000000
   15.500000     0.299001     0.011426
   16.500000     0.913231     0.030894
   17.500000     1.641659     0.039066
   18.500000     2.423867     0.065692
   19.500000     3.039148     0.083701
   20.500000     3.269028     0.069597
   21.500000     3.013146     0.060374
   22.500000     2.448320     0.047948
   23.500000     1.870652     0.054857
   24.500000     1.344803     0.046268
   25.500000     0.956894     0.052394
   26.500000     0.686361     0.056838
   27.500000     0.513982     0.047108
   28.500000     0.419317     0.049683
   29.500000     0.351964     0.047779
   30.500000     0.333662     0.047170
   31.500000     0.333923     0.053471
   32.500000     0.345928     0.057466
   33.500000     0.364182     0.049052
   34.500000     0.348015     0.046554
   35.500000     0.362078     0.058238
   36.500000     0.357986     0.059379
   37.500000     0.367519     0.058580
   38.500000     0.354003     0.066080
   39.500000     0.352177     0.058216
   40.500000     0.337499     0.067953
   41.500000     0.337874     0.070429
   42.500000     0.348318     0.070283
   43.500000     0.353926     0.067050
   44.500000     0.367738     0.067362
   45.500000     0.346358     0.065361
   46.500000     0.350276     0.068603
   47.500000     0.331595     0.074384
   48.500000     0.336342     0.066797
   49.500000     0.354676     0.066854
   50.500000     0.330406     0.066608
   51.500000     0.330422     0.062983
   52.500000     0.333108     0.061798
   53.500000     0.330830     0.059911
   54.500000     0.320536     0.060396
   55.500000     0.325571     0.064178
   56.500000     0.321331     0.064890
   57.500000     0.300160     0.059220
   58.500000     0.319286     0.064246
   59.500000     0.322484     0.056734
   60.500000     0.326588     0.061280
   61.500000     0.345798     0.059390
   62.500000     0.344346     0.055576
   63.500000     0.405566     0.061131
   64.500000     0.530307     0.063324
   65.500000     0.757589     0.073475
   66.500000     1.175720     0.086363
   67.500000     1.736316     0.108076
   68.500000     2.587642     0.135589
   69.500000     3.696386     0.152552
   70.500000     5.179829     0.198815
   71.500000     7.171138     0.282612
   72.500000     9.811868     0.442370
   73.500000    13.176485     0.568079
   74.500000    17.768505     1.082105
   75.500000    22.140064     0.902958
   76.500000    24.553208     0.423192
