           z    400-600ns    600-800ns   800-1000ns
    0.500000    15.852891    22.310332    20.840139
    1.500000    15.305804    21.022853    20.840139
    2.500000    14.961581    19.541402    18.431879
    3.500000    14.475388    20.174812    16.589758
    4.500000    12.888104    17.938463    14.014799
    5.500000    12.087619    14.407667    12.423748
    6.500000     9.754320    11.977027    10.597567
    7.500000     7.644159     8.514553     8.033023
    8.500000     5.797685     6.706608     5.827806
    9.500000     4.161211     4.472283     3.724185
   10.500000     2.367749     2.509025     2.058063
   11.500000     0.937235     1.090455     0.763340
   12.500000     0.105687     0.237970     0.038663
   13.500000    -0.324882    -0.263157    -0.325190
   14.500000    -0.346460    -0.346460    -0.346460
   15.500000    -0.002755    -0.022646    -0.093286
   16.500000     0.626736     0.493337     0.525079
   17.500000     1.346423     1.285732     1.297775
   18.500000     2.164477     2.217485     1.865543
   19.500000     2.909130     3.031331     2.427206
   20.500000     3.017472     3.325640     2.744337
   21.500000     2.532514     3.040152     2.578629
   22.500000     2.031605     2.295177     2.000805
   23.500000     1.379023     1.781596     1.525844
   24.500000     0.839688     1.174871     1.050310
   25.500000     0.450632     0.850253     0.702142
   26.500000     0.168214     0.622947     0.466539
   27.500000     0.069893     0.387393     0.310039
   28.500000    -0.024456     0.299766     0.170977
   29.500000    -0.091740     0.258401     0.063992
   30.500000    -0.116753     0.234010     0.094942
   31.500000    -0.155411     0.311983     0.084227
   32.500000    -0.125395     0.277119     0.118136
   33.500000    -0.136156     0.301663     0.108401
   34.500000    -0.083256     0.285992     0.115969
   35.500000    -0.146871     0.358676     0.121932
   36.500000    -0.191910     0.314978     0.168488
   37.500000    -0.161797     0.355074     0.140998
   38.500000    -0.199252     0.346783     0.145102
   39.500000    -0.153812     0.316613     0.126277
   40.500000    -0.221928     0.343750     0.081021
   41.500000    -0.243887     0.304374     0.090115
   42.500000    -0.223484     0.318795     0.060283
   43.500000    -0.218292     0.269080     0.108941
   44.500000    -0.207094     0.275509     0.108131
   45.500000    -0.217253     0.283031     0.079687
   46.500000    -0.250309     0.237970     0.089579
   47.500000    -0.289767     0.278999     0.065584
   48.500000    -0.227888     0.247237     0.131719
   49.500000    -0.186127     0.216656     0.112182
   50.500000    -0.226335     0.244321     0.091991
   51.500000    -0.232544     0.218753     0.096554
   52.500000    -0.168696     0.232427     0.065319
   53.500000    -0.227371     0.189291     0.077820
   54.500000    -0.218033     0.210636     0.088240
   55.500000    -0.232027     0.288956     0.077820
   56.500000    -0.171875     0.304646     0.123832
   57.500000    -0.219072     0.215084     0.081021
   58.500000    -0.237964     0.331379     0.094674
   59.500000    -0.211527     0.297871     0.069036
   60.500000    -0.203960     0.277388     0.069036
   61.500000    -0.179275     0.301392     0.169317
   62.500000    -0.203960     0.268010     0.099779
   63.500000    -0.095290     0.334123     0.255377
   64.500000    -0.004735     0.476432     0.330588
   65.500000     0.209751     0.696673     0.562288
   66.500000     0.619480     1.161112     0.985651
   67.500000     1.108557     1.718048     1.537712
   68.500000     1.835167     2.791003     2.317866
   69.500000     2.854018     3.824420     3.414330
   70.500000     4.254486     5.478312     4.921157
   71.500000     6.072203     7.769295     6.735545
   72.500000     8.513465    10.850540     8.979390
   73.500000    10.660082    14.131183    12.058316
   74.500000    14.755720    19.035634    15.416861
   75.500000    20.609041    25.079263    18.431879
   76.500000    21.896520    25.079263    24.896549
