           z    400-600ns    600-800ns   800-1000ns
    0.500000    14.749786    24.815261    24.780110
    1.500000    13.462307    19.910810    24.780110
    2.500000    13.915905    19.277400    22.011180
    3.500000    13.290395    15.220991    22.011180
    4.500000    14.298515    13.867181    18.736481
    5.500000    13.346406    11.604019    14.773430
    6.500000    10.713222     9.771796    12.168219
    7.500000     8.338907     7.412603     8.729801
    8.500000     6.059972     5.387067     5.955113
    9.500000     4.076758     3.826151     3.866444
   10.500000     2.194241     2.325011     2.083605
   11.500000     0.959404     1.045065     0.900367
   12.500000     0.142367     0.142248     0.152997
   13.500000    -0.306287    -0.341802    -0.315595
   14.500000    -0.346460    -0.346460    -0.346460
   15.500000    -0.077925    -0.055456     0.008208
   16.500000     0.690428     0.514178     0.686052
   17.500000     1.522904     1.184673     1.296865
   18.500000     2.473735     1.943072     2.060809
   19.500000     3.091602     2.597099     2.581477
   20.500000     3.150389     2.900466     2.787209
   21.500000     2.783845     2.647735     2.465069
   22.500000     2.206481     2.139886     1.896404
   23.500000     1.520826     1.533736     1.299131
   24.500000     1.003424     1.053973     0.864248
   25.500000     0.565813     0.681702     0.514973
   26.500000     0.296978     0.356484     0.228042
   27.500000     0.106855     0.144792     0.054815
   28.500000    -0.009821     0.060804    -0.034616
   29.500000    -0.096034    -0.016234    -0.136419
   30.500000    -0.145309    -0.063019    -0.128713
   31.500000    -0.160279    -0.078078    -0.095304
   32.500000    -0.171448    -0.051273    -0.125881
   33.500000    -0.100405    -0.023387    -0.086163
   34.500000    -0.121334    -0.088927    -0.106489
   35.500000    -0.107764    -0.074192    -0.144869
   36.500000    -0.123769    -0.016500    -0.084854
   37.500000    -0.091930    -0.077560    -0.103373
   38.500000    -0.094120    -0.110741    -0.146147
   39.500000    -0.118626    -0.079631    -0.083021
   40.500000    -0.171979    -0.024181    -0.119176
   41.500000    -0.178338     0.061898    -0.082235
   42.500000    -0.168262     0.023338    -0.088516
   43.500000    -0.154142     0.026304    -0.023106
   44.500000    -0.175690     0.060257    -0.034616
   45.500000    -0.178338    -0.015704    -0.047668
   46.500000    -0.223447     0.012044    -0.047934
   47.500000    -0.265974     0.005079    -0.070677
   48.500000    -0.276431    -0.003735    -0.063295
   49.500000    -0.284563     0.023338    -0.061710
   50.500000    -0.313571    -0.022064    -0.073572
   51.500000    -0.247762    -0.058588    -0.069887
   52.500000    -0.318832    -0.003735    -0.027127
   53.500000    -0.293174    -0.002668    -0.048731
   54.500000    -0.330318     0.026034    -0.077513
   55.500000    -0.286084    -0.036843    -0.047137
   56.500000    -0.314574     0.003207    -0.066198
   57.500000    -0.298225    -0.018886    -0.071730
   58.500000    -0.289632    -0.009327    -0.033548
   59.500000    -0.225785     0.005614    -0.030340
   60.500000    -0.289632    -0.019946    -0.023375
   61.500000    -0.223707     0.053157    -0.056685
   62.500000    -0.220326     0.053430    -0.009926
   63.500000    -0.211984     0.078922     0.057583
   64.500000    -0.112114     0.199104     0.279242
   65.500000     0.050883     0.472612     0.450701
   66.500000     0.435566     0.876612     0.949608
   67.500000     0.899852     1.454997     1.635714
   68.500000     1.696626     2.311613     2.626363
   69.500000     2.800183     3.386713     3.945512
   70.500000     4.118621     4.858153     5.758799
   71.500000     6.126889     6.844639     8.345608
   72.500000     8.724192     9.177361    12.307310
   73.500000    12.656985    11.885920    16.473319
   74.500000    16.986135    16.002702    24.780110
   75.500000    24.659517    20.758851    24.780110
   76.500000    24.659517    24.815261    24.780110
