           z    400-600ns    600-800ns   800-1000ns
    0.500000    13.521623    24.985758    12.722868
    1.500000    12.509151    24.985758    13.606221
    2.500000    13.010712    24.985758    15.322297
    3.500000    12.875658    18.942129    14.239632
    4.500000    13.357192    16.498862    14.873042
    5.500000    13.057387    12.857181    13.606221
    6.500000    11.298636    10.316884    11.076473
    7.500000     8.733073     8.172831     7.849923
    8.500000     6.232047     6.037311     5.584648
    9.500000     4.302587     3.796456     3.895740
   10.500000     2.535582     2.132689     2.429595
   11.500000     1.147956     1.017043     1.191009
   12.500000     0.161438     0.131287     0.354801
   13.500000    -0.256428    -0.257702    -0.185638
   14.500000    -0.346460    -0.346460    -0.346460
   15.500000    -0.065843    -0.060006    -0.057425
   16.500000     0.416574     0.535299     0.613249
   17.500000     1.182450     1.149342     1.390623
   18.500000     1.887482     1.931018     2.153035
   19.500000     2.620315     2.450904     2.525127
   20.500000     2.910673     2.693862     2.773063
   21.500000     2.738438     2.729722     2.484064
   22.500000     2.158734     2.259720     1.927924
   23.500000     1.598760     1.729878     1.348935
   24.500000     0.996350     1.193428     0.808787
   25.500000     0.624323     0.755738     0.348328
   26.500000     0.356043     0.488522     0.075339
   27.500000     0.107225     0.338015    -0.011328
   28.500000     0.023749     0.291926    -0.122615
   29.500000    -0.034939     0.210598    -0.108093
   30.500000    -0.014474     0.157182    -0.133051
   31.500000    -0.020000     0.136814    -0.136786
   32.500000     0.059303     0.207074    -0.192428
   33.500000     0.096191     0.116870    -0.117515
   34.500000     0.017871     0.096045    -0.101883
   35.500000     0.110822     0.135233    -0.112405
   36.500000     0.068815     0.161169    -0.192689
   37.500000     0.106120     0.156386    -0.134385
   38.500000     0.091516     0.220383    -0.185638
   39.500000     0.067453     0.178252    -0.202060
   40.500000     0.069904     0.214671    -0.252732
   41.500000     0.064462     0.223926    -0.317589
   42.500000     0.169927     0.219294    -0.294653
   43.500000     0.132510     0.234038    -0.308141
   44.500000     0.162569     0.264062    -0.261629
   45.500000     0.139501     0.222018    -0.266192
   46.500000     0.180151     0.269333    -0.233047
   47.500000     0.144827     0.261293    -0.263151
   48.500000     0.118308     0.211955    -0.228937
   49.500000     0.187276     0.263231    -0.196337
   50.500000     0.097292     0.237326    -0.179878
   51.500000     0.098394     0.244464    -0.193732
   52.500000     0.058218     0.225018    -0.182759
   53.500000     0.059031     0.239245    -0.134118
   54.500000     0.022412     0.183346    -0.138119
   55.500000     0.018939     0.202473    -0.174104
   56.500000    -0.047190     0.149756    -0.207769
   57.500000    -0.047710     0.161967    -0.219150
   58.500000    -0.051866     0.116347    -0.164629
   59.500000    -0.038333     0.103574    -0.185899
   60.500000    -0.020789     0.196261    -0.163838
   61.500000    -0.027349     0.127872    -0.170687
   62.500000    -0.062227     0.173169    -0.116977
   63.500000    -0.051866     0.230480    -0.065392
   64.500000     0.050908     0.338300     0.096895
   65.500000     0.209347     0.669658     0.378242
   66.500000     0.519611     1.127780     0.787921
   67.500000     0.966238     1.773881     1.413701
   68.500000     1.755417     2.644216     2.192365
   69.500000     2.772434     3.806605     3.345112
   70.500000     4.180000     5.324248     4.606544
   71.500000     5.886287     7.369914     6.271721
   72.500000     8.241981     9.780033     8.614400
   73.500000    11.623492    13.508216    12.472707
   74.500000    13.759012    17.844958    18.217273
   75.500000    17.693934    22.216828    21.913013
   76.500000    22.065803    24.985758    24.681943
