           z         mean           se
    0.500000    22.849309     0.288789
    1.500000    22.849309     0.288789
    2.500000    22.849309     0.288789
    3.500000    22.849309     0.288789
    4.500000    22.849309     0.288789
    5.500000    21.823353     0.768011
    6.500000    20.748218     1.199179
    7.500000    14.560160     0.622434
    8.500000     9.230920     0.377303
    9.500000     5.246685     0.269644
   10.500000     1.841254     0.160940
   11.500000    -0.823780     0.122242
   12.500000    -2.779329     0.087577
   13.500000    -4.168803     0.052238
   14.500000    -4.997680     0.023980
   15.500000    -5.246067     0.000000
   16.500000    -4.975829     0.012617
   17.500000    -4.297344     0.024034
   18.500000    -3.351398     0.038400
   19.500000    -2.275829     0.063709
   20.500000    -1.116396     0.073380
   21.500000    -0.018711     0.107738
   22.500000     0.904629     0.145421
   23.500000     1.661536     0.174977
   24.500000     2.139450     0.177809
   25.500000     2.316778     0.168795
   26.500000     2.261205     0.134400
   27.500000     2.039357     0.126377
   28.500000     1.756166     0.106863
   29.500000     1.444912     0.115358
   30.500000     1.207238     0.125898
   31.500000     0.960682     0.134026
   32.500000     0.799851     0.147067
   33.500000     0.643767     0.131928
   34.500000     0.548277     0.136820
   35.500000     0.402862     0.130475
   36.500000     0.337398     0.134081
   37.500000     0.279762     0.120370
   38.500000     0.201852     0.125757
   39.500000     0.159584     0.132572
   40.500000     0.115485     0.133945
   41.500000     0.088545     0.148742
   42.500000     0.032747     0.136278
   43.500000    -0.001071     0.135012
   44.500000    -0.005135     0.132546
   45.500000    -0.016281     0.132450
   46.500000    -0.047005     0.117825
   47.500000    -0.040758     0.115405
   48.500000    -0.058125     0.108637
   49.500000    -0.068401     0.105699
   50.500000    -0.084936     0.108661
   51.500000    -0.106722     0.101997
   52.500000    -0.100377     0.106722
   53.500000    -0.098387     0.103240
   54.500000    -0.127260     0.107835
   55.500000    -0.108591     0.111283
   56.500000    -0.110963     0.112459
   57.500000    -0.108038     0.113922
   58.500000    -0.070403     0.119457
   59.500000    -0.014474     0.121632
   60.500000     0.130982     0.130170
   61.500000     0.379151     0.137406
   62.500000     0.696175     0.150760
   63.500000     1.069915     0.155377
   64.500000     1.480543     0.159195
   65.500000     2.011641     0.176521
   66.500000     2.730727     0.195916
   67.500000     3.681771     0.228596
   68.500000     4.899568     0.284589
   69.500000     6.587717     0.373132
   70.500000     8.552450     0.489583
   71.500000    11.021784     0.607538
   72.500000    14.284437     0.856065
   73.500000    17.368840     0.923511
   74.500000    21.238340     0.782534
   75.500000    21.748228     0.732876
   76.500000    22.541650     0.353807
