           z    400-600ns    600-800ns   800-1000ns
    0.500000    23.445499    23.502156    22.129853
    1.500000    23.445499    23.502156    22.129853
    2.500000    23.445499    23.502156    22.129853
    3.500000    23.445499    23.502156    22.129853
    4.500000    23.445499    23.502156    22.129853
    5.500000    23.445499    17.037486    22.129853
    6.500000    23.445499    14.401238    22.129853
    7.500000    16.304699    12.246330    13.474870
    8.500000    10.546163     9.134820     8.391116
    9.500000     6.130291     5.515442     4.687068
   10.500000     2.219329     1.629915     1.379561
   11.500000    -0.531794    -1.101255    -1.304917
   12.500000    -2.582944    -2.886231    -3.137821
   13.500000    -4.030863    -4.152941    -4.388302
   14.500000    -4.957679    -4.973039    -5.089228
   15.500000    -5.246067    -5.246067    -5.246067
   16.500000    -4.971340    -4.978657    -4.977213
   17.500000    -4.187174    -4.199326    -4.342650
   18.500000    -3.215016    -3.169632    -3.346082
   19.500000    -2.021794    -2.061596    -2.273887
   20.500000    -1.093495    -1.019498    -0.970641
   21.500000    -0.211862    -0.304954     0.387049
   22.500000     0.477046     0.476033     1.458478
   23.500000     1.195366     1.231422     2.252913
   24.500000     1.678417     1.635070     2.926421
   25.500000     1.805036     1.763874     3.092632
   26.500000     1.793770     1.816927     2.843658
   27.500000     1.504677     1.551331     2.582302
   28.500000     1.289450     1.344574     2.226531
   29.500000     0.887654     0.991836     1.880274
   30.500000     0.571002     0.792687     1.743530
   31.500000     0.303176     0.535927     1.572997
   32.500000     0.035320     0.379093     1.472338
   33.500000     0.032989     0.292298     1.338373
   34.500000    -0.063433     0.192816     1.305640
   35.500000    -0.201697     0.076174     1.126164
   36.500000    -0.227034     0.054490     1.074603
   37.500000    -0.188505     0.065539     0.954093
   38.500000    -0.302368    -0.013492     0.867347
   39.500000    -0.267464    -0.121159     0.895932
   40.500000    -0.335587    -0.130141     0.860796
   41.500000    -0.404660    -0.108703     0.931564
   42.500000    -0.440430    -0.214113     0.805792
   43.500000    -0.450447    -0.272885     0.743622
   44.500000    -0.502585    -0.217414     0.703353
   45.500000    -0.533283    -0.217826     0.755097
   46.500000    -0.545532    -0.259537     0.611820
   47.500000    -0.423774    -0.260754     0.621718
   48.500000    -0.414430    -0.322024     0.545529
   49.500000    -0.440430    -0.280137     0.515877
   50.500000    -0.446599    -0.357382     0.544567
   51.500000    -0.523216    -0.338980     0.451103
   52.500000    -0.539600    -0.361670     0.503545
   53.500000    -0.619602    -0.330319     0.484690
   54.500000    -0.615644    -0.392636     0.451103
   55.500000    -0.574617    -0.439893     0.493158
   56.500000    -0.584116    -0.475136     0.532094
   57.500000    -0.569853    -0.451195     0.504492
   58.500000    -0.549602    -0.432331     0.605900
   59.500000    -0.502961    -0.414850     0.640631
   60.500000    -0.390129    -0.180859     0.930443
   61.500000    -0.187225     0.046693     1.218700
   62.500000     0.183677     0.343809     1.715825
   63.500000     0.595340     0.685998     2.102177
   64.500000     0.927195     1.073092     2.543741
   65.500000     1.451780     1.630773     3.208937
   66.500000     2.074928     2.330926     4.033284
   67.500000     3.039136     3.255847     5.272597
   68.500000     4.421529     4.391988     6.972951
   69.500000     5.992781     5.672629     9.027618
   70.500000     7.954357     7.513109    11.316226
   71.500000    10.457199     9.873979    14.456472
   72.500000    13.851228    12.688529    17.225403
   73.500000    17.401870    17.037486    19.360923
   74.500000    20.676568    23.502156    22.129853
   75.500000    23.445499    23.502156    22.129853
   76.500000    23.445499    23.502156    22.129853
