           z    400-600ns    600-800ns   800-1000ns
    0.500000    21.961052    21.880711    23.536744
    1.500000    21.961052    21.880711    23.536744
    2.500000    21.961052    21.880711    23.536744
    3.500000    21.961052    21.880711    23.536744
    4.500000    21.961052    21.880711    23.536744
    5.500000    19.192121    21.880711    23.536744
    6.500000    17.056601    16.976260    23.536744
    7.500000    14.058386    12.071809    17.072074
    8.500000     8.972752     7.430460    10.145398
    9.500000     4.830411     4.278843     6.279784
   10.500000     1.687081     1.336906     2.411268
   11.500000    -0.964254    -1.129070    -0.508502
   12.500000    -2.994671    -2.999392    -2.599416
   13.500000    -4.328738    -4.267121    -4.012044
   14.500000    -5.095281    -4.977415    -4.929058
   15.500000    -5.246067    -5.246067    -5.246067
   16.500000    -4.950403    -4.980026    -4.965430
   17.500000    -4.304676    -4.289992    -4.318717
   18.500000    -3.362670    -3.279148    -3.378427
   19.500000    -2.401487    -2.051882    -2.284957
   20.500000    -1.207579    -0.742326    -0.974086
   21.500000    -0.053844     0.474781     0.168882
   22.500000     0.893960     1.379427     1.309619
   23.500000     1.782731     1.973642     2.255722
   24.500000     2.441722     2.265008     2.506543
   25.500000     2.629763     2.376710     2.715134
   26.500000     2.567041     2.315948     2.474383
   27.500000     2.370691     2.104251     1.953382
   28.500000     1.906751     1.921769     1.699071
   29.500000     1.624747     1.609979     1.269677
   30.500000     1.447966     1.305121     0.963905
   31.500000     1.222844     0.985948     0.771860
   32.500000     1.001356     0.833783     0.540115
   33.500000     0.902243     0.631357     0.354296
   34.500000     0.898690     0.432790     0.279873
   35.500000     0.695268     0.294463     0.127032
   36.500000     0.647681     0.194557    -0.049887
   37.500000     0.582117     0.119004    -0.111724
   38.500000     0.525349     0.031751    -0.231430
   39.500000     0.506031    -0.003518    -0.272755
   40.500000     0.447962    -0.070114    -0.332917
   41.500000     0.441044    -0.089177    -0.435703
   42.500000     0.355648    -0.069282    -0.447241
   43.500000     0.321530    -0.159203    -0.465002
   44.500000     0.341376    -0.147935    -0.463526
   45.500000     0.236383    -0.050068    -0.426735
   46.500000     0.223675    -0.053420    -0.376064
   47.500000     0.153139    -0.126874    -0.402661
   48.500000     0.107764    -0.151965    -0.387877
   49.500000     0.130349    -0.160809    -0.384073
   50.500000     0.110360    -0.217939    -0.381787
   51.500000     0.095686    -0.150354    -0.381025
   52.500000     0.081098    -0.148742    -0.330973
   53.500000     0.011891    -0.121174    -0.275142
   54.500000     0.030273    -0.125247    -0.370711
   55.500000     0.092246    -0.100710    -0.349184
   56.500000     0.089669    -0.071777    -0.321623
   57.500000     0.170810    -0.064284    -0.349184
   58.500000     0.201139    -0.025630    -0.338739
   59.500000     0.284156     0.144240    -0.253982
   60.500000     0.422359     0.208457    -0.128635
   61.500000     0.643399     0.503864     0.112153
   62.500000     0.909365     0.682422     0.359405
   63.500000     1.310495     1.097150     0.698258
   64.500000     1.754317     1.528669     1.143721
   65.500000     2.311952     2.145993     1.568509
   66.500000     3.130310     2.883454     2.287391
   67.500000     4.055844     3.822828     3.066705
   68.500000     5.193248     4.836001     4.068133
   69.500000     6.828920     7.152705     5.136712
   70.500000     8.448509    10.103364     6.685773
   71.500000    11.012972    13.225727     8.708483
   72.500000    13.848232    19.111780    10.891247
   73.500000    15.917423    21.880711    13.015664
   74.500000    21.961052    21.880711    15.863363
   75.500000    21.961052    21.880711    16.395944
   76.500000    21.961052    21.880711    20.767814
