           z    400-600ns    600-800ns   800-1000ns
    0.500000    23.799479    21.812460    23.575826
    1.500000    23.799479    21.812460    23.575826
    2.500000    23.799479    21.812460    23.575826
    3.500000    23.799479    21.812460    23.575826
    4.500000    23.799479    21.812460    23.575826
    5.500000    23.799479    21.812460    23.575826
    6.500000    23.799479    21.812460    23.575826
    7.500000    16.378348    15.768830    13.666095
    8.500000    10.782209     9.525065     8.150295
    9.500000     6.283137     4.593278     4.621909
   10.500000     2.699526     1.527187     1.680516
   11.500000    -0.144457    -0.815033    -0.914738
   12.500000    -2.293630    -2.689619    -2.830236
   13.500000    -3.913361    -4.217963    -4.207895
   14.500000    -4.891054    -5.066946    -4.999416
   15.500000    -5.246067    -5.246067    -5.246067
   16.500000    -4.974966    -4.921073    -5.063349
   17.500000    -4.304205    -4.300991    -4.428366
   18.500000    -3.417852    -3.467901    -3.525857
   19.500000    -2.384599    -2.535980    -2.466275
   20.500000    -1.209714    -1.435974    -1.394250
   21.500000     0.119395    -0.389188    -0.358661
   22.500000     1.195631     0.415841     0.535623
   23.500000     2.156196     1.023616     1.082219
   24.500000     2.674003     1.562880     1.564989
   25.500000     2.727667     2.034029     1.706161
   26.500000     2.638471     2.134496     1.766152
   27.500000     2.372979     2.163360     1.751239
   28.500000     2.079365     1.811692     1.526293
   29.500000     1.807397     1.589160     1.343487
   30.500000     1.570119     1.327493     1.143323
   31.500000     1.316628     1.160510     0.776247
   32.500000     1.203348     1.043483     0.689822
   33.500000     0.935964     0.790664     0.515722
   34.500000     0.760357     0.664002     0.463759
   35.500000     0.579545     0.559811     0.368998
   36.500000     0.564505     0.508750     0.268913
   37.500000     0.496456     0.350359     0.250521
   38.500000     0.465990     0.208010     0.265515
   39.500000     0.499864     0.047168     0.152161
   40.500000     0.461188     0.032880     0.105295
   41.500000     0.461188    -0.086249     0.087603
   42.500000     0.321221    -0.115802     0.098929
   43.500000     0.309901    -0.160729     0.123570
   44.500000     0.305838    -0.136701     0.071381
   45.500000     0.265121    -0.224240     0.049023
   46.500000     0.151435    -0.241868     0.066446
   47.500000     0.264233    -0.253817     0.061967
   48.500000     0.233364    -0.237873     0.104384
   49.500000     0.215893    -0.261752     0.049469
   50.500000     0.165902    -0.235472     0.053925
   51.500000     0.182599    -0.199190    -0.097127
   52.500000     0.187329    -0.243465    -0.050915
   53.500000     0.142119    -0.093035    -0.084915
   54.500000     0.195087    -0.202436    -0.115127
   55.500000     0.192929    -0.218605    -0.072643
   56.500000     0.111031    -0.181260    -0.097547
   57.500000     0.158233    -0.246655    -0.124702
   58.500000     0.156957    -0.169783    -0.081535
   59.500000     0.193792    -0.152469    -0.068822
   60.500000     0.260686    -0.060640     0.117158
   61.500000     0.520408     0.163542     0.390827
   62.500000     0.852228     0.533608     0.685233
   63.500000     1.255404     0.807559     1.076859
   64.500000     1.536819     1.314134     1.503200
   65.500000     2.027034     1.802690     1.957099
   66.500000     2.667086     2.425341     2.743819
   67.500000     3.612768     3.378619     3.631596
   68.500000     4.608450     4.518277     5.085531
   69.500000     6.133042     6.375874     6.969167
   70.500000     7.417487     8.095449     9.437774
   71.500000     9.553007    10.334918    11.573294
   72.500000    11.796948    14.671659    14.474908
   73.500000    13.990578    19.043529    18.671375
   74.500000    19.743070    21.812460    23.575826
   75.500000    21.030549    21.812460    23.575826
   76.500000    23.799479    21.812460    23.575826
