           z         mean           se
    0.500000    24.701627     0.249999
    1.500000    24.701627     0.249999
    2.500000    24.701627     0.249999
    3.500000    23.470991     0.790199
    4.500000    22.636764     1.335541
    5.500000    20.799983     1.478753
    6.500000    16.878926     1.253381
    7.500000    13.806730     1.053920
    8.500000    11.373834     0.771223
    9.500000     9.273549     0.604841
   10.500000     7.424759     0.426008
   11.500000     5.898687     0.355960
   12.500000     4.482647     0.305542
   13.500000     3.379308     0.249606
   14.500000     2.497612     0.215118
   15.500000     2.004843     0.222729
   16.500000     1.731471     0.205368
   17.500000     1.705034     0.191752
   18.500000     1.834814     0.178954
   19.500000     2.089655     0.151041
   20.500000     2.370698     0.110698
   21.500000     2.454437     0.088300
   22.500000     2.251749     0.089724
   23.500000     1.795677     0.086060
   24.500000     1.308744     0.083619
   25.500000     0.859487     0.074857
   26.500000     0.547312     0.065672
   27.500000     0.304028     0.057467
   28.500000     0.165562     0.053957
   29.500000     0.101820     0.055027
   30.500000     0.053517     0.061805
   31.500000     0.029635     0.056496
   32.500000     0.025228     0.053411
   33.500000     0.027811     0.059125
   34.500000     0.043905     0.061196
   35.500000     0.035607     0.054476
   36.500000     0.032017     0.057874
   37.500000     0.059342     0.047319
   38.500000     0.027156     0.051063
   39.500000     0.031988     0.043783
   40.500000     0.030843     0.041468
   41.500000     0.023627     0.036041
   42.500000     0.024647     0.027779
   43.500000    -0.005551     0.022495
   44.500000     0.005494     0.023404
   45.500000    -0.019602     0.020265
   46.500000    -0.008586     0.018962
   47.500000    -0.015161     0.013970
   48.500000    -0.020998     0.000000
   49.500000    -0.014712     0.008468
   50.500000    -0.005690     0.007577
   51.500000     0.003979     0.015517
   52.500000     0.012967     0.017461
   53.500000    -0.000145     0.022032
   54.500000     0.003605     0.025643
   55.500000     0.002926     0.023873
   56.500000    -0.016969     0.027650
   57.500000     0.006688     0.027416
   58.500000     0.006330     0.033143
   59.500000    -0.003803     0.034040
   60.500000     0.028903     0.028235
   61.500000     0.089008     0.036339
   62.500000     0.199083     0.042827
   63.500000     0.362928     0.051509
   64.500000     0.612791     0.060069
   65.500000     0.949063     0.063957
   66.500000     1.311124     0.073363
   67.500000     1.730202     0.068681
   68.500000     2.226737     0.088480
   69.500000     2.858404     0.112749
   70.500000     3.752071     0.159705
   71.500000     4.974295     0.201795
   72.500000     6.606167     0.258680
   73.500000     8.652597     0.276268
   74.500000    11.291976     0.302854
   75.500000    14.585286     0.465035
   76.500000    18.540324     0.744062
   77.500000    23.090658     0.597868
   78.500000    24.156688     0.554697
