           z    400-600ns    600-800ns   800-1000ns
    0.500000    25.173783    25.072317    25.110994
    1.500000    25.173783    25.072317    25.110994
    2.500000    25.173783    25.072317    25.110994
    3.500000    25.173783    25.072317    25.110994
    4.500000    25.173783    25.072317    25.110994
    5.500000    25.173783    22.303386    25.110994
    6.500000    20.269332    17.931517    22.342064
    7.500000    19.130154    13.069785    17.437613
    8.500000    14.896802    11.466846    13.687080
    9.500000    11.661241     9.004774    11.482817
   10.500000     8.702432     7.077595     8.625053
   11.500000     7.223421     5.876319     6.231945
   12.500000     5.805138     4.425944     4.552692
   13.500000     4.451780     3.170213     3.474298
   14.500000     3.279324     2.243207     2.679178
   15.500000     2.737846     1.686030     2.306667
   16.500000     2.467395     1.303334     2.070251
   17.500000     2.558405     1.231574     2.033805
   18.500000     2.746784     1.260431     2.053035
   19.500000     2.932532     1.762491     2.218111
   20.500000     2.989518     2.194362     2.624777
   21.500000     2.899388     2.346278     2.826375
   22.500000     2.644875     2.178289     2.748167
   23.500000     2.288928     1.657014     2.194747
   24.500000     1.751046     1.266800     1.691507
   25.500000     1.257921     0.889551     1.150887
   26.500000     0.857684     0.646978     0.794569
   27.500000     0.572696     0.378765     0.462965
   28.500000     0.452365     0.213906     0.255209
   29.500000     0.409498     0.214431     0.123652
   30.500000     0.357988     0.151687     0.035918
   31.500000     0.330114     0.150919    -0.011325
   32.500000     0.297587     0.162465    -0.052589
   33.500000     0.282257     0.181567    -0.008014
   34.500000     0.298108     0.254921    -0.006593
   35.500000     0.285108     0.184160    -0.034619
   36.500000     0.271142     0.211020     0.002422
   37.500000     0.199442     0.176390     0.015289
   38.500000     0.111988     0.198206    -0.026878
   39.500000     0.089091     0.156300    -0.051193
   40.500000     0.071160     0.185457    -0.063726
   41.500000     0.071636     0.141975    -0.048166
   42.500000     0.046505     0.128237    -0.059555
   43.500000     0.023257     0.034607    -0.019585
   44.500000     0.051464     0.029723    -0.052123
   45.500000     0.013458     0.015612    -0.020763
   46.500000     0.028170     0.037542    -0.021705
   47.500000    -0.041585     0.039011    -0.045836
   48.500000    -0.020998    -0.020998    -0.020998
   49.500000     0.003002    -0.028400    -0.018878
   50.500000    -0.014099    -0.010695     0.009801
   51.500000     0.018353    -0.028877    -0.048865
   52.500000     0.009271     0.002303     0.016484
   53.500000    -0.041357    -0.031736    -0.037428
   54.500000    -0.065844    -0.032688    -0.076888
   55.500000    -0.090318    -0.073999    -0.027583
   56.500000    -0.168203    -0.081247    -0.075275
   57.500000    -0.143383    -0.062500    -0.062336
   58.500000    -0.149284    -0.112339    -0.085395
   59.500000    -0.170369    -0.147831    -0.039065
   60.500000    -0.112565    -0.119937     0.060605
   61.500000    -0.086964    -0.079612     0.070841
   62.500000    -0.029711     0.025091     0.162859
   63.500000     0.133630     0.128999     0.288268
   64.500000     0.312749     0.391124     0.506712
   65.500000     0.613725     0.741613     0.897870
   66.500000     0.893413     1.134424     1.288396
   67.500000     1.349603     1.600875     1.672532
   68.500000     1.775288     2.049453     2.160383
   69.500000     2.297557     2.668843     2.670258
   70.500000     2.970630     3.506340     3.589999
   71.500000     3.971012     4.826007     4.793706
   72.500000     5.261105     6.463356     6.409758
   73.500000     7.191082     9.118957     8.581784
   74.500000     9.781709    11.942385    11.415900
   75.500000    13.258926    14.711315    14.162914
   76.500000    16.866992    19.534456    17.437613
   77.500000    20.269332    25.072317    25.110994
   78.500000    25.173783    25.072317    25.110994
