           z    400-600ns    600-800ns   800-1000ns
    0.500000    25.081625    25.053596    23.434007
    1.500000    25.081625    25.053596    23.434007
    2.500000    25.081625    25.053596    23.434007
    3.500000    25.081625    25.053596    23.434007
    4.500000    25.081625    25.053596    23.434007
    5.500000    21.025215    22.284666    23.434007
    6.500000    14.560545    16.566701    18.529556
    7.500000    11.740437    15.693950    13.333968
    8.500000    10.368273    13.472106    10.565038
    9.500000     9.700803    10.340244     8.364889
   10.500000     8.632318     7.681457     7.160435
   11.500000     6.733171     5.979638     6.103145
   12.500000     5.303194     4.419819     4.439438
   13.500000     3.996875     3.451056     3.218976
   14.500000     2.874711     2.172189     2.650446
   15.500000     2.342166     1.463924     2.179165
   16.500000     1.945532     1.345186     1.899237
   17.500000     1.708079     1.282996     1.856427
   18.500000     1.806978     1.370163     1.927855
   19.500000     1.938265     1.546907     2.272999
   20.500000     2.158015     1.864013     2.482955
   21.500000     2.313731     2.154995     2.374014
   22.500000     2.102085     2.166444     1.970897
   23.500000     1.664462     1.647617     1.584181
   24.500000     1.302149     1.161499     1.197208
   25.500000     0.799935     0.726130     0.788767
   26.500000     0.436165     0.484395     0.507571
   27.500000     0.221377     0.321117     0.348849
   28.500000    -0.014080     0.154310     0.282368
   29.500000    -0.035963     0.092324     0.190052
   30.500000    -0.064925     0.078002     0.198033
   31.500000    -0.131692    -0.009893     0.152482
   32.500000    -0.162060     0.019556     0.123211
   33.500000    -0.160934    -0.066358     0.161329
   34.500000    -0.181359     0.011246     0.207043
   35.500000    -0.165662    -0.000681     0.146111
   36.500000    -0.144655    -0.049503     0.181103
   37.500000    -0.074739     0.024212     0.196036
   38.500000    -0.058126    -0.082866     0.160837
   39.500000    -0.040931    -0.049265     0.199033
   40.500000    -0.104183    -0.044497     0.139756
   41.500000    -0.074972    -0.100201     0.127580
   42.500000    -0.072639    -0.027494     0.076122
   43.500000    -0.083353    -0.092953     0.091881
   44.500000    -0.056482    -0.049027     0.051489
   45.500000    -0.136248    -0.074390     0.020566
   46.500000    -0.108099    -0.047359     0.043958
   47.500000    -0.071238    -0.037566     0.026161
   48.500000    -0.020998    -0.020998    -0.020998
   49.500000    -0.056952     0.003937     0.028028
   50.500000    -0.041876     0.012955     0.035043
   51.500000    -0.002347     0.063263     0.000622
   52.500000    -0.047776     0.120705     0.046309
   53.500000    -0.028848     0.131686     0.044428
   54.500000    -0.016229     0.155344     0.013591
   55.500000     0.028076     0.153794     0.026161
   56.500000     0.030020     0.116631    -0.033335
   57.500000     0.081348     0.118158     0.004321
   58.500000     0.104528     0.131942     0.012663
   59.500000     0.110545     0.072746    -0.002148
   60.500000     0.101775     0.059281     0.049604
   61.500000     0.211691     0.125296     0.163300
   62.500000     0.359098     0.262481     0.311466
   63.500000     0.530446     0.466794     0.553175
   64.500000     0.811179     0.669422     0.788767
   65.500000     1.142220     0.921788     1.198694
   66.500000     1.625246     1.218362     1.546364
   67.500000     1.986408     1.635039     2.009556
   68.500000     2.553378     2.105784     2.615003
   69.500000     3.182067     2.719189     3.390323
   70.500000     4.171728     3.362827     4.480090
   71.500000     5.480674     4.403040     5.818163
   72.500000     7.201393     5.845219     7.765741
   73.500000     8.896638     7.717537     9.945242
   74.500000    11.430944    10.156089    12.690395
   75.500000    13.768515    13.372276    17.896146
   76.500000    16.120764    16.566701    23.434007
   77.500000    21.025215    22.284666    23.434007
   78.500000    20.177174    25.053596    23.434007
