           z    400-600ns    600-800ns   800-1000ns
    0.500000    24.987947    23.330690    25.069685
    1.500000    24.987947    23.330690    25.069685
    2.500000    24.987947    23.330690    25.069685
    3.500000    19.450086    23.330690    19.531824
    4.500000    16.681156    23.330690    14.792704
    5.500000    15.393677    20.561760    11.912357
    6.500000    13.258156    18.426240    10.026220
    7.500000    10.671702    13.851003     9.331955
    8.500000     8.644143    11.285440     7.978781
    9.500000     7.132940     9.486038     6.288193
   10.500000     5.745229     8.030069     5.168237
   11.500000     4.300041     6.602218     4.038285
   12.500000     3.058007     5.184700     3.154890
   13.500000     2.308207     4.075819     2.266544
   14.500000     1.797346     3.349839     1.432270
   15.500000     1.282853     2.992808     1.052133
   16.500000     0.943426     2.623633     0.985242
   17.500000     1.003591     2.490915     1.179514
   18.500000     1.316255     2.533944     1.497879
   19.500000     1.776071     2.593829     1.765688
   20.500000     2.280326     2.572373     2.169941
   21.500000     2.390528     2.599222     2.185404
   22.500000     2.191341     2.258878     2.004765
   23.500000     1.654458     1.723379     1.746310
   24.500000     1.096235     1.026472     1.285784
   25.500000     0.632128     0.579697     0.910363
   26.500000     0.403192     0.224929     0.570329
   27.500000     0.073984     0.034975     0.321527
   28.500000    -0.047317     0.006833     0.186462
   29.500000    -0.112054    -0.090654     0.125098
   30.500000    -0.181906    -0.221801     0.128652
   31.500000    -0.168649    -0.156176     0.110934
   32.500000    -0.124187    -0.151649     0.114720
   33.500000    -0.096265    -0.220919     0.177640
   34.500000    -0.146399    -0.153008     0.111186
   35.500000    -0.123475    -0.133916     0.163436
   36.500000    -0.152977    -0.176896     0.146496
   37.500000    -0.053427    -0.165656     0.216529
   38.500000    -0.096745    -0.199671     0.237659
   39.500000    -0.080618    -0.140296     0.205768
   40.500000    -0.098903    -0.022430     0.214951
   41.500000    -0.049762    -0.041909     0.186462
   42.500000    -0.062928     0.050146     0.143428
   43.500000    -0.060982    -0.022430     0.079601
   44.500000    -0.096745     0.060969     0.110177
   45.500000    -0.068758     0.027667     0.046439
   46.500000    -0.070698     0.006350     0.054565
   47.500000    -0.043399    -0.003279     0.041281
   48.500000    -0.020998    -0.020998    -0.020998
   49.500000    -0.034807    -0.002318    -0.026020
   50.500000    -0.027419    -0.006161    -0.008761
   51.500000     0.057095     0.044752    -0.068187
   52.500000    -0.008605     0.032537    -0.054525
   53.500000     0.040319     0.015533    -0.093898
   54.500000     0.035763     0.080766    -0.061365
   55.500000     0.027935     0.009247    -0.026975
   56.500000     0.022144     0.030587     0.005954
   57.500000     0.049710     0.025235     0.049637
   58.500000     0.073727     0.044263     0.036869
   59.500000     0.077581    -0.020521     0.084838
   60.500000     0.101348     0.073819     0.046193
   61.500000     0.200339     0.119318     0.076862
   62.500000     0.266806     0.234946     0.198707
   63.500000     0.415510     0.368914     0.380621
   64.500000     0.801409     0.605876     0.627881
   65.500000     1.134658     0.917503     0.973495
   66.500000     1.430174     1.289171     1.374565
   67.500000     1.852374     1.673347     1.792088
   68.500000     2.326967     2.082436     2.371942
   69.500000     2.940816     2.698316     3.158268
   70.500000     4.025787     3.518993     4.142246
   71.500000     5.334704     4.608400     5.532951
   72.500000     6.977286     6.274353     7.257289
   73.500000     8.998900     8.261572     9.161657
   74.500000    11.143295    11.043296    12.023774
   75.500000    14.466867    14.369830    15.260784
   76.500000    18.944318    18.426240    19.531824
   77.500000    22.219017    23.330690    25.069685
   78.500000    24.987947    23.330690    25.069685
