           z         mean           se
    0.500000     6.813853     0.387443
    1.500000     6.884524     0.398176
    2.500000     6.665427     0.333174
    3.500000     5.892244     0.259150
    4.500000     4.273444     0.158779
    5.500000     2.289779     0.097999
    6.500000     0.300776     0.088405
    7.500000    -1.471240     0.069910
    8.500000    -2.971770     0.055340
    9.500000    -4.154325     0.052574
   10.500000    -5.055640     0.039619
   11.500000    -5.628870     0.022028
   12.500000    -5.820272     0.000000
   13.500000    -5.637567     0.017508
   14.500000    -5.121829     0.028675
   15.500000    -4.296253     0.033718
   16.500000    -3.192941     0.043085
   17.500000    -1.886457     0.049973
   18.500000    -0.544318     0.048646
   19.500000     0.662214     0.052533
   20.500000     1.508118     0.058463
   21.500000     1.670368     0.072844
   22.500000     1.348724     0.075290
   23.500000     0.914463     0.063697
   24.500000     0.507122     0.074174
   25.500000     0.237361     0.076526
   26.500000     0.064881     0.094098
   27.500000    -0.018118     0.092124
   28.500000    -0.048502     0.101977
   29.500000    -0.047700     0.102756
   30.500000    -0.047873     0.101017
   31.500000    -0.020635     0.103788
   32.500000    -0.004665     0.103174
   33.500000     0.004006     0.097415
   34.500000     0.013648     0.101655
   35.500000     0.015798     0.121112
   36.500000     0.000956     0.112163
   37.500000     0.006930     0.120631
   38.500000     0.021291     0.127638
   39.500000     0.018380     0.123490
   40.500000     0.021331     0.124300
   41.500000     0.019370     0.119893
   42.500000     0.009071     0.116293
   43.500000    -0.006182     0.128888
   44.500000    -0.012310     0.127000
   45.500000    -0.002139     0.122035
   46.500000     0.003702     0.134681
   47.500000     0.003276     0.130393
   48.500000    -0.018527     0.133920
   49.500000    -0.017591     0.127079
   50.500000    -0.025991     0.133632
   51.500000    -0.013259     0.141279
   52.500000    -0.023194     0.133761
   53.500000    -0.020977     0.147078
   54.500000    -0.007913     0.145071
   55.500000    -0.008106     0.138212
   56.500000    -0.021342     0.154935
   57.500000    -0.018777     0.142880
   58.500000     0.013852     0.147820
   59.500000     0.049443     0.147013
   60.500000     0.170034     0.164372
   61.500000     0.334688     0.179566
   62.500000     0.616663     0.183915
   63.500000     1.079737     0.219281
   64.500000     1.633184     0.232904
   65.500000     2.439582     0.249411
   66.500000     3.468354     0.283536
   67.500000     4.926960     0.355127
   68.500000     6.789814     0.406412
   69.500000     8.993644     0.523969
   70.500000    12.032082     0.656537
   71.500000    15.472847     0.667516
   72.500000    19.048871     0.615567
   73.500000    20.967499     0.527941
