           z    400-600ns    600-800ns   800-1000ns
    0.500000     5.294744     8.144229     8.222919
    1.500000     5.273017     8.197014     8.299766
    2.500000     5.025924     7.326216     7.503531
    3.500000     4.765282     6.226825     6.935439
    4.500000     3.619681     4.381090     4.855012
    5.500000     1.898067     2.540491     2.195858
    6.500000     0.052379     0.328203     0.095609
    7.500000    -1.555207    -1.575705    -1.643402
    8.500000    -3.066414    -3.155640    -3.098003
    9.500000    -4.341842    -4.348498    -4.214964
   10.500000    -5.228014    -5.183272    -5.028922
   11.500000    -5.729539    -5.660665    -5.600652
   12.500000    -5.820272    -5.820272    -5.820272
   13.500000    -5.595429    -5.546184    -5.688129
   14.500000    -5.102132    -4.942373    -5.203013
   15.500000    -4.337069    -4.056148    -4.311602
   16.500000    -3.285948    -2.929557    -3.177283
   17.500000    -2.042309    -1.624917    -1.866916
   18.500000    -0.567972    -0.291720    -0.582291
   19.500000     0.521460     0.939715     0.460311
   20.500000     1.372787     1.786258     1.319089
   21.500000     1.340767     1.966518     1.505833
   22.500000     1.220937     1.742623     1.054665
   23.500000     0.977372     1.180008     0.675158
   24.500000     0.604924     0.829796     0.177600
   25.500000     0.459826     0.542756    -0.022584
   26.500000     0.347024     0.451027    -0.225051
   27.500000     0.233190     0.355381    -0.285805
   28.500000     0.259690     0.364903    -0.330937
   29.500000     0.331749     0.396101    -0.313084
   30.500000     0.374755     0.305972    -0.306420
   31.500000     0.443854     0.378055    -0.273355
   32.500000     0.488833     0.410631    -0.191431
   33.500000     0.443854     0.397309    -0.181743
   34.500000     0.450230     0.404567    -0.142064
   35.500000     0.604924     0.468362    -0.103419
   36.500000     0.541241     0.420365    -0.103419
   37.500000     0.521460     0.524903    -0.180124
   38.500000     0.598145     0.532539    -0.130532
   39.500000     0.615128     0.523633    -0.135481
   40.500000     0.591383     0.560736    -0.085554
   41.500000     0.615128     0.528718    -0.101193
   42.500000     0.544553     0.483316    -0.040329
   43.500000     0.604924     0.519826    -0.132733
   44.500000     0.656363     0.464637    -0.157901
   45.500000     0.561178     0.470848    -0.087794
   46.500000     0.601532     0.558159    -0.160078
   47.500000     0.588009     0.560736    -0.175804
   48.500000     0.581274     0.587949    -0.213362
   49.500000     0.528036     0.597085    -0.142611
   50.500000     0.544553     0.632640    -0.112305
   51.500000     0.608321     0.660644    -0.019135
   52.500000     0.567859     0.610195    -0.060781
   53.500000     0.687737     0.601011    -0.133283
   54.500000     0.719507     0.585344    -0.132183
   55.500000     0.611722     0.601011    -0.078822
   56.500000     0.687737     0.678138    -0.150814
   57.500000     0.567859     0.664671    -0.037475
   58.500000     0.645991     0.695754    -0.068125
   59.500000     0.663301     0.804114     0.009793
   60.500000     0.858246     1.018840     0.147922
   61.500000     1.098277     1.255274     0.294715
   62.500000     1.354440     1.552239     0.587302
   63.500000     1.943842     2.295522     0.971496
   64.500000     2.614647     2.827650     1.545115
   65.500000     3.435708     3.591567     2.452266
   66.500000     4.661334     4.673186     3.483799
   67.500000     6.468449     6.084459     4.899160
   68.500000     8.569443     7.895714     6.837461
   69.500000    12.186414     9.726936     9.080059
   70.500000    16.242824    12.595697    12.584717
   71.500000    19.011755    13.734875    16.397027
   72.500000    19.011755    18.639326    22.861698
   73.500000    19.011755    21.408256    22.861698
