           z    400-600ns    600-800ns   800-1000ns
    0.500000     6.636025     6.485179     7.692958
    1.500000     7.001457     6.704823     7.949708
    2.500000     6.896426     6.972650     8.060209
    3.500000     6.236485     6.713033     6.274675
    4.500000     4.456709     5.064555     4.290618
    5.500000     2.354907     2.865705     2.308870
    6.500000     0.392496     0.707820     0.281480
    7.500000    -1.412904    -1.221959    -1.430292
    8.500000    -2.892804    -2.812514    -2.883834
    9.500000    -4.058325    -3.957013    -4.082563
   10.500000    -4.988822    -4.849866    -5.038748
   11.500000    -5.613552    -5.491667    -5.675497
   12.500000    -5.820272    -5.820272    -5.820272
   13.500000    -5.648062    -5.714041    -5.604053
   14.500000    -5.117802    -5.256603    -5.092612
   15.500000    -4.350714    -4.429015    -4.288307
   16.500000    -3.290627    -3.384613    -3.104062
   17.500000    -1.950193    -2.105997    -1.712705
   18.500000    -0.493836    -0.777255    -0.387926
   19.500000     0.751968     0.484947     0.789901
   20.500000     1.718356     1.332571     1.416333
   21.500000     1.982197     1.716313     1.758164
   22.500000     1.577348     1.495265     1.325919
   23.500000     1.007056     1.046921     0.910289
   24.500000     0.663679     0.619076     0.476484
   25.500000     0.423855     0.278269     0.127033
   26.500000     0.183277     0.108117    -0.006442
   27.500000     0.131236     0.013007    -0.137030
   28.500000     0.105612    -0.007649    -0.186249
   29.500000     0.039282    -0.063038    -0.195872
   30.500000     0.140618    -0.063038    -0.169590
   31.500000     0.073373    -0.054078    -0.181424
   32.500000     0.016809     0.032673    -0.248151
   33.500000    -0.018737     0.034416    -0.225050
   34.500000    -0.001027     0.013007    -0.282411
   35.500000    -0.027546     0.021665    -0.313157
   36.500000    -0.009898     0.010128    -0.303972
   37.500000    -0.047254    -0.023031    -0.231897
   38.500000     0.061958    -0.058562    -0.256499
   39.500000     0.039282     0.030932    -0.212359
   40.500000    -0.016530    -0.094151    -0.196406
   41.500000     0.019047    -0.130334    -0.237152
   42.500000     0.016809    -0.075863    -0.252329
   43.500000     0.066518    -0.146610    -0.224522
   44.500000     0.077953    -0.142280    -0.201735
   45.500000     0.145323    -0.190570    -0.154990
   46.500000     0.224241    -0.203821    -0.222411
   47.500000     0.229104    -0.154170    -0.193737
   48.500000     0.133578    -0.212792    -0.213949
   49.500000     0.128895    -0.145528    -0.214479
   50.500000     0.077953    -0.196939    -0.171746
   51.500000     0.082542    -0.310945    -0.122789
   52.500000     0.043801    -0.266475    -0.116189
   53.500000     0.066518    -0.244723    -0.129919
   54.500000     0.059681    -0.257176    -0.143576
   55.500000     0.075662    -0.298246    -0.109019
   56.500000     0.080247    -0.261830    -0.184642
   57.500000     0.073373    -0.211212    -0.154447
   58.500000     0.142969    -0.195879    -0.163652
   59.500000     0.073373    -0.206463    -0.092951
   60.500000     0.171355    -0.118330    -0.103490
   61.500000     0.366659    -0.025302     0.073623
   62.500000     0.637784     0.211316     0.295059
   63.500000     1.030362     0.651526     0.703812
   64.500000     1.435943     1.170608     1.136107
   65.500000     2.360571     1.898264     1.859821
   66.500000     3.192785     2.835509     2.823623
   67.500000     4.563127     3.930434     4.023645
   68.500000     6.184247     5.770459     5.876737
   69.500000     7.996716     7.859269     8.146384
   70.500000    10.114611    10.680574    11.242490
   71.500000    12.648918    14.077250    16.409719
   72.500000    16.705327    20.120879    17.969939
   73.500000    19.474258    22.889810    20.105459
