           z    400-600ns    600-800ns   800-1000ns
    0.500000     7.212388     4.898678     6.737553
    1.500000     7.183194     5.004592     6.347149
    2.500000     6.645091     5.278569     6.280232
    3.500000     5.774819     5.039447     5.064194
    4.500000     3.985297     4.009487     3.798548
    5.500000     1.937963     2.295500     2.210649
    6.500000    -0.130261     0.604880     0.374374
    7.500000    -1.861134    -1.224033    -1.316526
    8.500000    -3.226969    -2.833479    -2.776273
    9.500000    -4.340166    -4.019506    -4.026052
   10.500000    -5.166929    -4.974177    -5.042013
   11.500000    -5.663216    -5.607615    -5.617424
   12.500000    -5.820272    -5.820272    -5.820272
   13.500000    -5.622178    -5.636977    -5.683051
   14.500000    -5.146023    -5.104321    -5.131582
   15.500000    -4.330145    -4.287784    -4.275490
   16.500000    -3.200701    -3.160639    -3.203037
   17.500000    -1.925035    -1.839428    -1.910611
   18.500000    -0.540815    -0.561000    -0.696050
   19.500000     0.687458     0.710522     0.613642
   20.500000     1.558688     1.417675     1.651308
   21.500000     1.574317     1.470350     1.718854
   22.500000     1.395799     1.114511     1.211449
   23.500000     1.068454     0.644458     0.720454
   24.500000     0.655318     0.260271     0.276946
   25.500000     0.376629     0.029440    -0.078975
   26.500000     0.296052    -0.232892    -0.337187
   27.500000     0.238803    -0.305495    -0.406350
   28.500000     0.212485    -0.383729    -0.470645
   29.500000     0.191868    -0.377600    -0.438703
   30.500000     0.131011    -0.448694    -0.395473
   31.500000     0.182224    -0.323324    -0.431037
   32.500000     0.139277    -0.317046    -0.373577
   33.500000     0.210051    -0.264646    -0.359400
   34.500000     0.294793    -0.349832    -0.264431
   35.500000     0.259809    -0.396451    -0.372006
   36.500000     0.211876    -0.357576    -0.400140
   37.500000     0.297941    -0.440228    -0.359400
   38.500000     0.291650    -0.453164    -0.393915
   39.500000     0.149352    -0.462082    -0.382984
   40.500000     0.250520    -0.410118    -0.407900
   41.500000     0.197309    -0.343620    -0.373577
   42.500000     0.213094    -0.376577    -0.431037
   43.500000     0.185837    -0.450682    -0.478192
   44.500000     0.101707    -0.458618    -0.450919
   45.500000     0.154702    -0.433735    -0.484212
   46.500000     0.169622    -0.445211    -0.488718
   47.500000     0.079084    -0.403041    -0.500695
   48.500000     0.110463    -0.434735    -0.505172
   49.500000    -0.007198    -0.354482    -0.548042
   50.500000    -0.017223    -0.403547    -0.587310
   51.500000    -0.039358    -0.361182    -0.617435
   52.500000    -0.018334    -0.345693    -0.623132
   53.500000     0.058953    -0.435234    -0.659854
   54.500000     0.112803    -0.409613    -0.606001
   55.500000     0.120422    -0.404053    -0.591636
   56.500000     0.090660    -0.467516    -0.664057
   57.500000     0.026509    -0.427224    -0.671047
   58.500000     0.112217    -0.410118    -0.634488
   59.500000     0.098795    -0.364269    -0.540702
   60.500000     0.265399    -0.226927    -0.482708
   61.500000     0.419227    -0.104567    -0.365711
   62.500000     0.828818     0.183083    -0.100074
   63.500000     1.249223     0.578586     0.293266
   64.500000     1.976898     1.192428     0.799261
   65.500000     2.991176     1.878552     1.488317
   66.500000     4.257959     2.779211     2.507782
   67.500000     6.281817     4.175163     3.916384
   68.500000     8.516234     5.850038     5.607990
   69.500000    10.586918     7.821573     7.538531
   70.500000    13.590472    10.362945    10.874407
   71.500000    17.412258    14.492948    15.070875
   72.500000    20.181188    18.743330    17.206395
   73.500000    22.950119    20.030809    19.975325
