           z         mean           se
    0.500000    10.073935     0.210414
    1.500000     9.950272     0.191247
    2.500000     9.728004     0.185998
    3.500000     9.271665     0.140748
    4.500000     8.467347     0.129974
    5.500000     7.087956     0.117849
    6.500000     5.537276     0.076598
    7.500000     3.862635     0.057521
    8.500000     2.411406     0.058226
    9.500000     1.229868     0.035053
   10.500000     0.403284     0.015804
   11.500000     0.000000     0.000000
   12.500000     0.044297     0.011120
   13.500000     0.514081     0.026917
   14.500000     1.343277     0.036475
   15.500000     2.561061     0.051972
   16.500000     4.133246     0.070155
   17.500000     5.968469     0.082517
   18.500000     8.030194     0.102272
   19.500000    10.232535     0.160608
   20.500000    12.189599     0.177657
   21.500000    14.245339     0.260920
   22.500000    15.584715     0.341823
   23.500000    16.929850     0.641216
   24.500000    17.594477     1.226035
   25.500000    18.213985     1.136403
   26.500000    18.971128     1.123059
   27.500000    19.282245     1.016623
   28.500000    19.553386     1.016897
   29.500000    19.704466     1.059582
   30.500000    20.412388     1.037780
   31.500000    20.103960     1.031307
   32.500000    20.519927     1.041264
   33.500000    20.396112     1.058145
   34.500000    20.547646     1.052639
   35.500000    20.678276     1.159104
   36.500000    20.971341     1.373938
   37.500000    21.409173     1.490918
   38.500000    21.464512     1.437986
   39.500000    22.014961     1.647065
   40.500000    21.769282     1.539643
   41.500000    22.178209     1.545327
   42.500000    22.789876     1.716209
   43.500000    22.605768     1.602741
   44.500000    22.894884     1.703688
   45.500000    22.697970     1.746303
   46.500000    22.563508     1.778626
   47.500000    22.378344     1.822112
   48.500000    23.088300     1.794017
   49.500000    22.894691     1.763930
   50.500000    22.958511     1.806316
   51.500000    22.964878     1.817714
   52.500000    22.771959     1.798964
   53.500000    22.935736     1.822206
   54.500000    23.210475     1.897616
   55.500000    23.463120     1.827136
   56.500000    23.361051     1.863307
   57.500000    23.560798     1.814492
   58.500000    23.383240     1.871168
   59.500000    23.422789     1.853827
   60.500000    23.506422     1.828416
   61.500000    23.491906     1.826135
   62.500000    23.777879     1.791628
   63.500000    23.640437     1.796656
   64.500000    23.662403     1.748834
   65.500000    23.905713     1.641077
   66.500000    23.908279     1.657861
   67.500000    24.574011     1.518181
   68.500000    25.364731     1.360279
   69.500000    25.806691     1.143142
   70.500000    26.840017     0.846525
   71.500000    27.433782     0.662675
