           z         mean           se
    0.500000   -12.512148     0.210414
    1.500000   -12.635811     0.191247
    2.500000   -12.858080     0.185998
    3.500000   -13.314418     0.140748
    4.500000   -14.118736     0.129974
    5.500000   -15.498128     0.117849
    6.500000   -17.048807     0.076598
    7.500000   -18.723449     0.057521
    8.500000   -20.174677     0.058226
    9.500000   -21.356215     0.035053
   10.500000   -22.182799     0.015804
   11.500000   -22.586083     0.000000
   12.500000   -22.541786     0.011120
   13.500000   -22.072002     0.026917
   14.500000   -21.242806     0.036475
   15.500000   -20.025022     0.051972
   16.500000   -18.452838     0.070155
   17.500000   -16.617614     0.082517
   18.500000   -14.555889     0.102272
   19.500000   -12.353548     0.160608
   20.500000   -10.396484     0.177657
   21.500000    -8.340744     0.260920
   22.500000    -7.001368     0.341823
   23.500000    -5.656233     0.641216
   24.500000    -4.991606     1.226035
   25.500000    -4.372098     1.136403
   26.500000    -3.614956     1.123059
   27.500000    -3.303838     1.016623
   28.500000    -3.032697     1.016897
   29.500000    -2.881617     1.059582
   30.500000    -2.173696     1.037780
   31.500000    -2.482123     1.031307
   32.500000    -2.066156     1.041264
   33.500000    -2.189971     1.058145
   34.500000    -2.038437     1.052639
   35.500000    -1.907807     1.159104
   36.500000    -1.614742     1.373938
   37.500000    -1.176910     1.490918
   38.500000    -1.121571     1.437986
   39.500000    -0.571122     1.647065
   40.500000    -0.816801     1.539643
   41.500000    -0.407874     1.545327
   42.500000     0.203793     1.716209
   43.500000     0.019685     1.602741
   44.500000     0.308801     1.703688
   45.500000     0.111886     1.746303
   46.500000    -0.022575     1.778626
   47.500000    -0.207739     1.822112
   48.500000     0.502217     1.794017
   49.500000     0.308608     1.763930
   50.500000     0.372428     1.806316
   51.500000     0.378795     1.817714
   52.500000     0.185876     1.798964
   53.500000     0.349653     1.822206
   54.500000     0.624392     1.897616
   55.500000     0.877037     1.827136
   56.500000     0.774968     1.863307
   57.500000     0.974715     1.814492
   58.500000     0.797157     1.871168
   59.500000     0.836706     1.853827
   60.500000     0.920339     1.828416
   61.500000     0.905823     1.826135
   62.500000     1.191796     1.791628
   63.500000     1.054354     1.796656
   64.500000     1.076320     1.748834
   65.500000     1.319630     1.641077
   66.500000     1.322196     1.657861
   67.500000     1.987928     1.518181
   68.500000     2.778648     1.360279
   69.500000     3.220608     1.143142
   70.500000     4.253934     0.846525
   71.500000     4.847699     0.662675
