           z    400-600ns    600-800ns   800-1000ns
    0.500000   -12.694457   -12.183182   -11.273604
    1.500000   -12.927794   -12.446836   -11.284819
    2.500000   -13.443141   -12.622620   -11.595007
    3.500000   -13.924675   -12.969101   -12.513432
    4.500000   -14.445475   -13.836884   -13.418740
    5.500000   -15.546705   -15.181397   -14.931453
    6.500000   -17.020884   -16.944686   -16.711477
    7.500000   -18.639077   -18.794153   -18.475152
    8.500000   -20.235118   -20.240308   -19.905826
    9.500000   -21.407297   -21.329444   -21.256957
   10.500000   -22.202857   -22.187716   -22.132095
   11.500000   -22.586083   -22.586083   -22.586083
   12.500000   -22.479878   -22.563782   -22.533368
   13.500000   -21.877655   -22.107732   -22.047975
   14.500000   -21.005772   -21.344490   -21.215306
   15.500000   -19.729565   -20.194956   -19.965300
   16.500000   -18.072216   -18.734771   -18.431536
   17.500000   -16.331872   -17.067701   -16.499458
   18.500000   -14.145704   -15.162098   -14.383648
   19.500000   -11.360443   -12.796863   -11.862288
   20.500000    -9.810345   -11.054809    -9.606799
   21.500000    -8.058289    -9.895785    -7.832432
   22.500000    -7.309488    -9.175927    -7.096331
   23.500000    -5.929507    -9.666501    -5.914685
   24.500000    -6.927771    -9.957638    -6.574133
   25.500000    -6.830821    -8.769989    -5.667390
   26.500000    -5.349370    -8.818460    -5.334548
   27.500000    -4.061891    -8.512583    -3.238256
   28.500000    -2.458952    -8.036749    -2.949898
   29.500000    -2.458952    -8.225866    -2.624234
   30.500000    -1.292961    -8.036749    -0.962678
   31.500000    -2.964720    -8.101378     0.324801
   32.500000    -3.113021    -7.902296     1.806252
   33.500000    -3.385761    -7.609749     1.806252
   34.500000    -2.964720    -8.164391     0.324801
   35.500000    -2.807144    -7.609749     3.093731
   36.500000    -3.511807    -7.970419     5.862662
   37.500000    -3.511807    -8.036749     5.862662
   38.500000    -2.807144    -7.902296     5.862662
   39.500000    -3.113021    -7.902296     5.862662
   40.500000    -3.631848    -7.686130     5.862662
   41.500000    -3.511807    -7.188708     5.862662
   42.500000    -2.458952    -8.101378     5.862662
   43.500000    -2.964720    -7.760265     5.862662
   44.500000    -1.573292    -7.832281     5.862662
   45.500000    -1.292961    -7.832281     5.862662
   46.500000    -2.639056    -7.832281     5.862662
   47.500000    -2.458952    -8.670159     5.862662
   48.500000    -1.573292    -8.670159     5.862662
   49.500000    -0.977501    -8.512583     5.862662
   50.500000    -2.639056    -8.225866     5.862662
   51.500000    -2.639056    -8.512583     5.862662
   52.500000    -3.385761    -8.225866     5.862662
   53.500000    -2.964720    -8.401779     5.862662
   54.500000    -3.746431    -8.225866     5.862662
   55.500000    -2.964720    -8.225866     5.862662
   56.500000    -3.253079    -8.566210     5.862662
   57.500000    -3.511807    -8.720568     5.862662
   58.500000    -3.385761    -8.866016     5.862662
   59.500000    -4.513162    -8.670159     5.862662
   60.500000    -3.631848    -8.720568     5.862662
   61.500000    -4.429141    -8.457790     5.862662
   62.500000    -4.749622    -8.512583     5.862662
   63.500000    -4.673241    -8.344495     5.862662
   64.500000    -4.513162    -7.530980     5.862662
   65.500000    -3.631848    -6.682939     5.862662
   66.500000    -3.511807    -7.095349     5.862662
   67.500000    -2.264980    -5.901228     5.862662
   68.500000    -0.195790    -4.762050     5.862662
   69.500000     0.943389    -3.132298     5.862662
   70.500000     5.847839    -1.145079     5.862662
   71.500000     5.847839     0.142401     5.862662
