           z    400-600ns    600-800ns   800-1000ns
    0.500000   -12.193264   -12.990610   -12.603944
    1.500000   -12.709965   -12.792075   -12.799605
    2.500000   -12.857879   -13.185215   -13.037905
    3.500000   -13.391068   -13.270792   -13.757432
    4.500000   -14.282653   -13.859326   -14.749966
    5.500000   -15.772555   -15.257779   -15.843965
    6.500000   -17.170851   -16.787320   -17.116658
    7.500000   -18.867027   -18.456207   -18.844709
    8.500000   -20.319182   -19.849164   -20.299445
    9.500000   -21.484799   -21.148278   -21.473573
   10.500000   -22.212771   -22.096990   -22.253801
   11.500000   -22.586083   -22.586083   -22.586083
   12.500000   -22.555560   -22.600473   -22.555557
   13.500000   -22.103484   -22.097835   -22.148302
   14.500000   -21.325214   -21.146934   -21.302121
   15.500000   -20.208299   -19.870819   -20.028029
   16.500000   -18.722317   -18.253422   -18.393813
   17.500000   -16.921302   -16.349626   -16.490596
   18.500000   -14.851764   -14.292296   -14.458248
   19.500000   -12.809532   -12.508476   -12.282631
   20.500000   -10.796801   -10.917012   -10.233287
   21.500000    -8.680493    -9.262367    -8.040207
   22.500000    -7.736881    -6.542979    -5.861417
   23.500000    -5.552181    -6.391331    -3.983797
   24.500000    -5.178105    -7.607473    -2.766823
   25.500000    -5.244434    -6.351949    -2.766823
   26.500000    -4.967951    -3.951614    -0.744597
   27.500000    -5.244434    -3.846582    -1.701059
   28.500000    -5.433552    -2.255532    -1.105267
   29.500000    -5.109982    -3.103573     0.182212
   30.500000    -4.000225    -1.283512     0.182212
   31.500000    -3.656001    -1.816093    -1.953308
   32.500000    -2.783250    -1.563844    -2.766823
   33.500000    -3.108914    -1.816093    -1.701059
   34.500000    -3.257215    -0.607383    -0.744597
   35.500000    -3.890625    -0.607383    -2.182592
   36.500000    -2.783250    -0.968053    -3.513528
   37.500000    -1.717487    -0.186341    -4.286607
   38.500000    -1.121695     1.800878    -4.286607
   39.500000    -1.121695     5.857288    -4.640929
   40.500000     0.165784     3.088357    -5.228007
   41.500000     0.799195     5.857288    -3.513528
   42.500000     5.703645     5.857288    -3.380845
   43.500000     2.934715     5.857288    -3.639574
   44.500000     5.703645     5.857288    -4.286607
   45.500000     5.703645     5.857288    -4.801007
   46.500000     5.703645     5.857288    -5.417125
   47.500000     5.703645     5.857288    -4.640929
   48.500000     5.703645     5.857288    -4.379966
   49.500000     5.703645     5.857288    -4.556908
   50.500000     5.703645     5.857288    -4.189657
   51.500000     5.703645     5.857288    -3.513528
   52.500000     5.703645     5.857288    -3.380845
   53.500000     5.703645     5.857288    -3.380845
   54.500000     5.703645     5.857288    -3.513528
   55.500000     5.703645     5.857288    -2.392747
   56.500000     5.703645     5.857288    -2.934911
   57.500000     5.703645     5.857288    -1.953308
   58.500000     5.703645     5.857288    -2.392747
   59.500000     5.703645     5.857288    -2.392747
   60.500000     5.703645     5.857288    -2.182592
   61.500000     5.703645     5.857288    -2.766823
   62.500000     5.703645     5.857288    -2.392747
   63.500000     5.703645     5.857288    -2.586718
   64.500000     5.703645     5.857288    -2.766823
   65.500000     5.703645     5.857288    -2.586718
   66.500000     5.703645     5.857288    -2.586718
   67.500000     5.703645     5.857288    -3.092487
   68.500000     5.703645     5.857288    -1.953308
   69.500000     5.703645     5.857288    -0.744597
   70.500000     5.703645     5.857288     1.663663
   71.500000     5.703645     5.857288     5.720073
