           z    400-600ns    600-800ns   800-1000ns
    0.500000   -12.412636   -12.680059   -13.577579
    1.500000   -12.450115   -12.988491   -13.322602
    2.500000   -12.598203   -13.006025   -13.376723
    3.500000   -13.147599   -13.294619   -13.561044
    4.500000   -14.323184   -14.043920   -14.108478
    5.500000   -16.028708   -15.600130   -15.320456
    6.500000   -17.480508   -17.195162   -17.011720
    7.500000   -18.954815   -18.782648   -18.697251
    8.500000   -20.314809   -20.197697   -20.210548
    9.500000   -21.374144   -21.340810   -21.390636
   10.500000   -22.193019   -22.154887   -22.211054
   11.500000   -22.586083   -22.586083   -22.586083
   12.500000   -22.540123   -22.519615   -22.527721
   13.500000   -22.128128   -22.037765   -22.099145
   14.500000   -21.325136   -21.231601   -21.288683
   15.500000   -20.149754   -20.012794   -20.065684
   16.500000   -18.558514   -18.489924   -18.419025
   17.500000   -16.641953   -16.702436   -16.553585
   18.500000   -14.464246   -14.666375   -14.578625
   19.500000   -12.393686   -12.373862   -12.794155
   20.500000    -9.901882   -10.805611   -10.441813
   21.500000    -7.511959    -7.863538    -7.921628
   22.500000    -5.955506    -6.341435    -6.992350
   23.500000    -5.222266    -2.519649    -5.726185
   24.500000    -5.087813     3.018212    -3.842914
   25.500000    -4.374225     3.018212    -2.361463
   26.500000    -4.464248     3.018212    -1.922025
   27.500000    -3.086745     3.018212    -3.061203
   28.500000    -4.464248     3.018212    -3.608290
   29.500000    -4.551167     3.018212    -3.061203
   30.500000    -3.235046     3.018212    -3.952513
   31.500000    -2.580977     3.018212    -4.609645
   32.500000    -2.387005     3.018212    -2.903627
   33.500000    -2.387005     3.018212    -4.525624
   34.500000    -1.695318     3.018212    -4.255324
   35.500000    -1.414986     3.018212    -4.769724
   36.500000    -0.317815     3.018212    -4.348682
   37.500000     2.956884     3.018212    -4.690955
   38.500000     0.187953     3.018212    -4.846105
   39.500000     1.669404     3.018212    -4.769724
   40.500000     1.669404     3.018212    -4.609645
   41.500000    -0.738856     3.018212    -4.255324
   42.500000    -0.317815     3.018212    -4.348682
   43.500000     0.821363     3.018212    -3.952513
   44.500000     0.187953     3.018212    -4.158374
   45.500000    -0.738856     3.018212    -4.769724
   46.500000    -0.317815     3.018212    -4.438706
   47.500000    -1.695318     3.018212    -4.846105
   48.500000     2.956884     3.018212    -4.255324
   49.500000     0.821363     3.018212    -4.438706
   50.500000     2.956884     3.018212    -4.992255
   51.500000     2.956884     3.018212    -5.324365
   52.500000     1.669404     3.018212    -5.445853
   53.500000     2.956884     3.018212    -5.504470
   54.500000     5.725814     3.018212    -5.062271
   55.500000     5.725814     3.018212    -4.690955
   56.500000     5.725814     3.018212    -4.438706
   57.500000     5.725814     3.018212    -3.209504
   58.500000     5.725814     3.018212    -4.348682
   59.500000     5.725814     3.018212    -3.061203
   60.500000     5.725814     3.018212    -3.349562
   61.500000     5.725814     3.018212    -2.361463
   62.500000     5.725814     3.018212     0.213496
   63.500000     5.725814     3.018212    -1.073984
   64.500000     5.725814     3.018212    -1.669775
   65.500000     5.725814     3.018212    -1.389443
   66.500000     5.725814     3.018212    -1.073984
   67.500000     5.725814     3.018212     2.982426
   68.500000     5.725814     3.018212     5.751357
   69.500000     5.725814     3.018212     5.751357
   70.500000     5.725814     3.018212     5.751357
   71.500000     5.725814     3.018212     5.751357
