           z         mean           se
    0.500000    20.548686     0.316854
    1.500000    18.250641     1.064799
    2.500000    14.657752     0.971718
    3.500000    10.652036     0.452208
    4.500000     6.918892     0.366383
    5.500000     3.542571     0.255528
    6.500000     0.458270     0.189998
    7.500000    -2.192349     0.121604
    8.500000    -4.416680     0.075630
    9.500000    -6.181371     0.057214
   10.500000    -7.500365     0.039397
   11.500000    -8.383862     0.022562
   12.500000    -8.854303     0.010933
   13.500000    -8.889190     0.000000
   14.500000    -8.488403     0.010667
   15.500000    -7.688808     0.018749
   16.500000    -6.543174     0.026328
   17.500000    -5.104891     0.036189
   18.500000    -3.469144     0.058857
   19.500000    -1.769130     0.095170
   20.500000    -0.165550     0.131214
   21.500000     0.751822     0.185290
   22.500000     0.939321     0.213830
   23.500000     0.694379     0.242641
   24.500000     0.389931     0.227931
   25.500000     0.203657     0.242799
   26.500000     0.064220     0.241456
   27.500000    -0.010207     0.253490
   28.500000    -0.000826     0.251729
   29.500000    -0.000859     0.257516
   30.500000     0.040397     0.255400
   31.500000     0.116365     0.263216
   32.500000     0.125718     0.270193
   33.500000     0.170177     0.269017
   34.500000     0.143733     0.254804
   35.500000     0.108550     0.265406
   36.500000     0.096900     0.241875
   37.500000     0.083331     0.241438
   38.500000     0.075202     0.226120
   39.500000     0.014815     0.217173
   40.500000     0.031971     0.226821
   41.500000     0.029883     0.211395
   42.500000     0.043644     0.220915
   43.500000    -0.004800     0.213799
   44.500000    -0.006542     0.229430
   45.500000    -0.028580     0.221370
   46.500000    -0.012025     0.226417
   47.500000    -0.013370     0.229698
   48.500000    -0.032945     0.224293
   49.500000    -0.007235     0.212451
   50.500000    -0.035630     0.217691
   51.500000    -0.052432     0.201766
   52.500000    -0.042961     0.201756
   53.500000    -0.041760     0.208475
   54.500000     0.016820     0.203738
   55.500000     0.005411     0.218063
   56.500000     0.111411     0.233321
   57.500000     0.241159     0.232788
   58.500000     0.522647     0.253564
   59.500000     0.813477     0.254497
   60.500000     1.255460     0.261688
   61.500000     1.681762     0.281251
   62.500000     2.259098     0.283985
   63.500000     2.993425     0.313100
   64.500000     4.003772     0.342443
   65.500000     5.541034     0.427677
   66.500000     7.520227     0.525242
   67.500000    10.437736     0.769070
   68.500000    13.170772     0.713261
   69.500000    17.601807     0.871938
   70.500000    20.003747     0.579122
   71.500000    20.548686     0.300926
