           z         mean           se
    0.500000    29.437877     0.316854
    1.500000    27.139831     1.064799
    2.500000    23.546942     0.971718
    3.500000    19.541227     0.452208
    4.500000    15.808082     0.366383
    5.500000    12.431761     0.255528
    6.500000     9.347461     0.189998
    7.500000     6.696841     0.121604
    8.500000     4.472510     0.075630
    9.500000     2.707819     0.057214
   10.500000     1.388825     0.039397
   11.500000     0.505329     0.022562
   12.500000     0.034888     0.010933
   13.500000     0.000000     0.000000
   14.500000     0.400788     0.010667
   15.500000     1.200383     0.018749
   16.500000     2.346016     0.026328
   17.500000     3.784300     0.036189
   18.500000     5.420046     0.058857
   19.500000     7.120061     0.095170
   20.500000     8.723640     0.131214
   21.500000     9.641012     0.185290
   22.500000     9.828511     0.213830
   23.500000     9.583569     0.242641
   24.500000     9.279121     0.227931
   25.500000     9.092847     0.242799
   26.500000     8.953410     0.241456
   27.500000     8.878983     0.253490
   28.500000     8.888365     0.251729
   29.500000     8.888331     0.257516
   30.500000     8.929587     0.255400
   31.500000     9.005555     0.263216
   32.500000     9.014908     0.270193
   33.500000     9.059367     0.269017
   34.500000     9.032923     0.254804
   35.500000     8.997741     0.265406
   36.500000     8.986090     0.241875
   37.500000     8.972522     0.241438
   38.500000     8.964393     0.226120
   39.500000     8.904005     0.217173
   40.500000     8.921162     0.226821
   41.500000     8.919074     0.211395
   42.500000     8.932834     0.220915
   43.500000     8.884390     0.213799
   44.500000     8.882649     0.229430
   45.500000     8.860610     0.221370
   46.500000     8.877165     0.226417
   47.500000     8.875821     0.229698
   48.500000     8.856245     0.224293
   49.500000     8.881955     0.212451
   50.500000     8.853560     0.217691
   51.500000     8.836759     0.201766
   52.500000     8.846229     0.201756
   53.500000     8.847430     0.208475
   54.500000     8.906011     0.203738
   55.500000     8.894601     0.218063
   56.500000     9.000601     0.233321
   57.500000     9.130349     0.232788
   58.500000     9.411837     0.253564
   59.500000     9.702667     0.254497
   60.500000    10.144650     0.261688
   61.500000    10.570953     0.281251
   62.500000    11.148289     0.283985
   63.500000    11.882615     0.313100
   64.500000    12.892962     0.342443
   65.500000    14.430224     0.427677
   66.500000    16.409417     0.525242
   67.500000    19.326927     0.769070
   68.500000    22.059962     0.713261
   69.500000    26.490997     0.871938
   70.500000    28.892938     0.579122
   71.500000    29.437877     0.300926
