           z    400-600ns    600-800ns   800-1000ns
    0.500000    20.934097    20.807454    20.615184
    1.500000    20.934097    18.038523    20.615184
    2.500000    13.793297    14.763824    16.558774
    3.500000    11.230227    10.800773    12.941803
    4.500000     8.533831     6.782697     8.612653
    5.500000     4.692379     3.699443     4.333711
    6.500000     1.343736     0.435098     1.159973
    7.500000    -1.873785    -1.992719    -1.793151
    8.500000    -4.259306    -4.235140    -4.202212
    9.500000    -6.074154    -6.081351    -6.079128
   10.500000    -7.418151    -7.485703    -7.502512
   11.500000    -8.353351    -8.388144    -8.390374
   12.500000    -8.842563    -8.840215    -8.855901
   13.500000    -8.889190    -8.889190    -8.889190
   14.500000    -8.492179    -8.478092    -8.504618
   15.500000    -7.772794    -7.694411    -7.732138
   16.500000    -6.637335    -6.531855    -6.616314
   17.500000    -5.237853    -5.133868    -5.231290
   18.500000    -3.623005    -3.544839    -3.733256
   19.500000    -1.969640    -1.892145    -2.312946
   20.500000    -0.535063    -0.211936    -0.963361
   21.500000     0.450620     0.605710    -0.492919
   22.500000     0.697623     0.602382    -0.516058
   23.500000     0.509376     0.341910    -0.981618
   24.500000     0.371462    -0.028440    -1.110394
   25.500000     0.332796    -0.256091    -1.323966
   26.500000     0.239334    -0.328391    -1.435948
   27.500000     0.094322    -0.440801    -1.527023
   28.500000     0.139982    -0.451771    -1.485819
   29.500000     0.261341    -0.500555    -1.536259
   30.500000     0.503287    -0.451771    -1.443133
   31.500000     0.616809    -0.460513    -1.404573
   32.500000     0.589912    -0.342148    -1.494426
   33.500000     0.722382    -0.388592    -1.389960
   34.500000     0.717411    -0.250169    -1.359653
   35.500000     0.829108    -0.278469    -1.441538
   36.500000     0.794734    -0.362643    -1.232909
   37.500000     0.697623    -0.219149    -1.262202
   38.500000     0.769259    -0.222748    -1.249321
   39.500000     0.643996    -0.239475    -1.199763
   40.500000     0.632766    -0.276123    -1.222489
   41.500000     0.615219    -0.226341    -1.092134
   42.500000     0.627968    -0.247797    -1.131231
   43.500000     0.510901    -0.320331    -1.116754
   44.500000     0.580487    -0.387469    -1.125812
   45.500000     0.517009    -0.395318    -1.120381
   46.500000     0.560186    -0.394198    -1.176830
   47.500000     0.495695    -0.407601    -1.168843
   48.500000     0.385934    -0.450676    -1.151003
   49.500000     0.303127    -0.379597    -1.008284
   50.500000     0.337063    -0.467050    -1.131231
   51.500000     0.367136    -0.399791    -0.996890
   52.500000     0.329955    -0.386346    -0.943027
   53.500000     0.372905    -0.446292    -1.011124
   54.500000     0.544681    -0.448485    -0.932311
   55.500000     0.624775    -0.511268    -1.042159
   56.500000     0.626371    -0.459422    -0.986400
   57.500000     0.837775    -0.381849    -0.858001
   58.500000     1.189378    -0.168218    -0.649508
   59.500000     1.386546     0.080037    -0.345744
   60.500000     1.713401     0.515745     0.067021
   61.500000     2.248007     0.870612     0.408450
   62.500000     2.769353     1.576946     1.076283
   63.500000     3.195836     2.040633     1.807499
   64.500000     4.140410     3.210261     2.677057
   65.500000     5.598791     4.541807     4.173269
   66.500000     7.374663     6.861159     5.946311
   67.500000    10.834058     9.329912     8.142384
   68.500000    14.469427    11.706535    11.514266
   69.500000    16.877687    16.751044    14.150514
   70.500000    18.165167    20.807454    20.615184
   71.500000    20.934097    20.807454    20.615184
