           z    400-600ns    600-800ns   800-1000ns
    0.500000    20.871758    20.968565    20.963613
    1.500000    11.770840    20.968565    18.194682
    2.500000    11.638158    15.430704    13.822813
    3.500000     8.662522    10.224953    10.292017
    4.500000     5.513592     6.453891     6.012047
    5.500000     2.849208     3.075814     2.976898
    6.500000    -0.020474     0.152169     0.170815
    7.500000    -2.387094    -2.577308    -2.196794
    8.500000    -4.450654    -4.745749    -4.384649
    9.500000    -6.180951    -6.454569    -6.164766
   10.500000    -7.496386    -7.660694    -7.436348
   11.500000    -8.370782    -8.436539    -8.306206
   12.500000    -8.856331    -8.882935    -8.799737
   13.500000    -8.889190    -8.889190    -8.889190
   14.500000    -8.477768    -8.498223    -8.553567
   15.500000    -7.678857    -7.623261    -7.764849
   16.500000    -6.537390    -6.432270    -6.661278
   17.500000    -5.090315    -4.949076    -5.223256
   18.500000    -3.478288    -3.254373    -3.581035
   19.500000    -1.774113    -1.462564    -1.709265
   20.500000     0.174258     0.056154     0.149828
   21.500000     0.979708     1.080283     1.339519
   22.500000     1.029148     1.390970     1.555873
   23.500000     0.934917     1.276293     1.398850
   24.500000     0.847653     1.116371     1.054672
   25.500000     0.459261     1.091624     0.991867
   26.500000     0.300479     1.046565     0.802156
   27.500000     0.050148     1.016968     0.891718
   28.500000     0.072383     1.097313     0.781932
   29.500000    -0.014135     1.080283     0.783611
   30.500000     0.029399     1.009622     0.831087
   31.500000     0.003700     1.178343     0.843097
   32.500000     0.037160     1.178343     0.970069
   33.500000     0.136244     1.201981     0.928809
   34.500000     0.122806     1.067117     0.986400
   35.500000     0.084235     1.028026     0.939508
   36.500000     0.097468     0.905452     0.877730
   37.500000    -0.002684     0.935541     0.889965
   38.500000     0.144342     0.810494     0.712400
   39.500000    -0.009052     0.704322     0.770209
   40.500000    -0.048177     0.948036     0.652695
   41.500000    -0.006507     0.802037     0.738662
   42.500000    -0.085471     0.971406     0.675120
   43.500000    -0.245626     0.898424     0.705876
   44.500000    -0.319794     1.124035     0.621001
   45.500000    -0.234019     1.029874     0.625730
   46.500000    -0.188235     1.031723     0.654290
   47.500000    -0.187050     1.118285     0.578838
   48.500000    -0.217679     1.046565     0.554181
   49.500000    -0.159641     1.040989     0.638383
   50.500000     0.012665     1.037279     0.549584
   51.500000    -0.060670     0.933761     0.493573
   52.500000    -0.079294     0.985897     0.529763
   53.500000    -0.191786     0.908973     0.659082
   54.500000    -0.086705     0.953410     0.608435
   55.500000     0.034570     0.940888     0.647915
   56.500000     0.236579     1.211896     0.819134
   57.500000     0.383817     1.311185     0.879474
   58.500000     0.660043     1.597602     1.333244
   59.500000     1.036841     2.011917     1.488328
   60.500000     1.646152     2.528016     1.944963
   61.500000     1.961939     3.030437     2.496411
   62.500000     2.680993     3.653357     3.121313
   63.500000     3.625534     4.548954     3.895700
   64.500000     4.646119     5.899446     4.878953
   65.500000     6.187971     7.757323     7.098301
   66.500000     9.094412    10.020485     9.331713
   67.500000    12.059199    13.827765    13.822813
   68.500000    15.333898    16.064114    15.425752
   69.500000    20.871758    20.968565    20.963613
   70.500000    20.871758    20.968565    20.963613
   71.500000    20.871758    20.968565    20.963613
