           z    400-600ns    600-800ns   800-1000ns
    0.500000    20.927793    20.818784    18.030928
    1.500000    20.927793    18.049853    14.756230
    2.500000    20.927793    13.993444    10.990957
    3.500000    11.694192    11.224513     8.797327
    4.500000     6.789741     7.528773     6.042799
    5.500000     3.368325     4.354760     2.532601
    6.500000     0.567919     0.759192    -0.443994
    7.500000    -2.020579    -1.986136    -2.903576
    8.500000    -4.370267    -4.268786    -4.833360
    9.500000    -6.091396    -6.018002    -6.488024
   10.500000    -7.414066    -7.366421    -7.723006
   11.500000    -8.385872    -8.299663    -8.523824
   12.500000    -8.861366    -8.832571    -8.917105
   13.500000    -8.889190    -8.889190    -8.889190
   14.500000    -8.472249    -8.486082    -8.432845
   15.500000    -7.643422    -7.655536    -7.634000
   16.500000    -6.499985    -6.507249    -6.464894
   17.500000    -4.997079    -5.013997    -5.067280
   18.500000    -3.176553    -3.406517    -3.424430
   19.500000    -1.321601    -1.712769    -1.767124
   20.500000     0.275843    -0.223377    -0.212297
   21.500000     1.303699     0.731158     0.768616
   22.500000     1.547586     1.028562     1.117799
   23.500000     1.278693     0.618706     0.872283
   24.500000     0.668428     0.154329     0.435297
   25.500000     0.507649    -0.133505     0.163277
   26.500000     0.303855    -0.286993    -0.063081
   27.500000     0.330759    -0.359239    -0.148718
   28.500000     0.312320    -0.461154    -0.012620
   29.500000     0.369490    -0.420660    -0.030850
   30.500000     0.425030    -0.528639    -0.011312
   31.500000     0.556994    -0.360369     0.073795
   32.500000     0.487875    -0.356977     0.061651
   33.500000     0.623262    -0.381747     0.079210
   34.500000     0.369490    -0.410711     0.050906
   35.500000     0.323651    -0.531808     0.024242
   36.500000     0.277236    -0.573685     0.088716
   37.500000     0.296823    -0.612833     0.026896
   38.500000     0.237141    -0.537081     0.012335
   39.500000     0.131046    -0.613856    -0.054098
   40.500000     0.289810    -0.561195    -0.127580
   41.500000     0.170812    -0.607717    -0.125081
   42.500000     0.257800    -0.554927    -0.120077
   43.500000     0.185551    -0.506344    -0.154902
   44.500000     0.041900    -0.527582    -0.065642
   45.500000     0.002853    -0.583012    -0.099959
   46.500000     0.015383    -0.553880    -0.056668
   47.500000     0.141589    -0.612833    -0.078406
   48.500000     0.263338    -0.656412    -0.070755
   49.500000     0.173485    -0.671438    -0.002143
   50.500000     0.050801    -0.654402    -0.055383
   51.500000    -0.005881    -0.737483    -0.065642
   52.500000    -0.035599    -0.732613    -0.055383
   53.500000     0.053350    -0.695295    -0.025655
   54.500000     0.011617    -0.575761     0.076501
   55.500000    -0.008371    -0.615898    -0.021751
   56.500000    -0.064970    -0.492443     0.111952
   57.500000     0.138949    -0.363757     0.222833
   58.500000     0.427988    -0.178841     0.492132
   59.500000     0.679848     0.113089     0.870427
   60.500000     1.175101     0.549673     1.159067
   61.500000     1.501863     0.974254     1.643888
   62.500000     1.995828     1.424773     2.033038
   63.500000     2.858241     1.968039     3.000388
   64.500000     3.814106     2.905306     3.862289
   65.500000     5.524517     4.077132     4.910195
   66.500000     6.594402     5.625176     6.833719
   67.500000     9.057944     7.980551     8.885002
   68.500000    11.333522    10.376472    12.312963
   69.500000    16.023342    15.914333    15.895408
   70.500000    16.023342    20.818784    20.799859
   71.500000    18.158862    20.818784    20.799859
