           z         mean           se
    0.500000    25.487112     0.261498
    1.500000    25.487112     0.261498
    2.500000    25.487112     0.261498
    3.500000    25.487112     0.261498
    4.500000    25.487112     0.261498
    5.500000    25.487112     0.261498
    6.500000    25.487112     0.261498
    7.500000    25.487112     0.261498
    8.500000    23.773164     0.942391
    9.500000    21.234983     1.256334
   10.500000    17.251370     0.615371
   11.500000    13.611580     0.391438
   12.500000    10.782230     0.397291
   13.500000     8.767095     0.371479
   14.500000     7.124835     0.356434
   15.500000     5.881102     0.272367
   16.500000     4.999485     0.235491
   17.500000     4.349655     0.212342
   18.500000     4.036842     0.198781
   19.500000     3.880258     0.169856
   20.500000     3.682298     0.111804
   21.500000     3.267299     0.068547
   22.500000     2.614861     0.048997
   23.500000     1.811291     0.043892
   24.500000     1.032248     0.043095
   25.500000     0.468206     0.030028
   26.500000     0.125978     0.014129
   27.500000     0.000000     0.000000
   28.500000     0.031349     0.017019
   29.500000     0.149622     0.018496
   30.500000     0.293588     0.020236
   31.500000     0.418557     0.023435
   32.500000     0.527843     0.025691
   33.500000     0.617630     0.032140
   34.500000     0.668903     0.038496
   35.500000     0.723031     0.033440
   36.500000     0.757360     0.037063
   37.500000     0.775513     0.033214
   38.500000     0.800948     0.031340
   39.500000     0.828983     0.033061
   40.500000     0.858560     0.023222
   41.500000     0.876650     0.024581
   42.500000     0.873678     0.021677
   43.500000     0.874632     0.021629
   44.500000     0.858194     0.024207
   45.500000     0.877058     0.022094
   46.500000     0.866285     0.019320
   47.500000     0.860019     0.022236
   48.500000     0.875270     0.019984
   49.500000     0.867142     0.018301
   50.500000     0.865792     0.018929
   51.500000     0.879828     0.024927
   52.500000     0.893113     0.028959
   53.500000     0.917691     0.025951
   54.500000     0.915250     0.024990
   55.500000     0.909589     0.030557
   56.500000     0.928906     0.028346
   57.500000     0.946973     0.032488
   58.500000     0.944783     0.035854
   59.500000     0.963589     0.031412
   60.500000     0.963486     0.032935
   61.500000     0.991019     0.034016
   62.500000     1.049722     0.026203
   63.500000     1.183517     0.029224
   64.500000     1.396831     0.040149
   65.500000     1.722278     0.037569
   66.500000     2.115701     0.048752
   67.500000     2.577885     0.044564
   68.500000     3.179364     0.072274
   69.500000     3.979363     0.101691
   70.500000     5.112638     0.133054
   71.500000     6.606316     0.212306
   72.500000     8.487900     0.272727
   73.500000    10.667690     0.317689
   74.500000    13.135753     0.346053
   75.500000    16.997868     0.743661
   76.500000    20.463407     1.030053
   77.500000    22.661985     0.856431
   78.500000    25.179453     0.362711
