           z    400-600ns    600-800ns   800-1000ns
    0.500000    24.923589    23.213552    23.263410
    1.500000    24.923589    23.213552    23.263410
    2.500000    24.923589    23.213552    23.263410
    3.500000    24.923589    23.213552    23.263410
    4.500000    24.923589    23.213552    23.263410
    5.500000    24.923589    23.213552    23.263410
    6.500000    24.923589    23.213552    23.263410
    7.500000    24.923589    23.213552    23.263410
    8.500000    18.458918    19.157142    23.263410
    9.500000    15.563942    14.906761    23.263410
   10.500000    14.402509    12.541956    17.725549
   11.500000    12.560388    10.167641    12.449783
   12.500000    10.269717     7.733228    10.025637
   13.500000     8.155785     6.071672     8.285243
   14.500000     5.953332     4.872056     7.119742
   15.500000     4.385606     4.085473     5.911825
   16.500000     3.459469     3.421370     4.960528
   17.500000     3.064255     2.652360     4.025568
   18.500000     2.689019     2.375070     3.546796
   19.500000     2.465105     2.408927     3.101953
   20.500000     2.483537     2.536655     2.825008
   21.500000     2.388734     2.088075     2.330982
   22.500000     1.924763     1.498914     1.739457
   23.500000     1.124058     0.776929     0.957023
   24.500000     0.293312     0.012291     0.172424
   25.500000    -0.324823    -0.486560    -0.407862
   26.500000    -0.703059    -0.748054    -0.754874
   27.500000    -0.868749    -0.868749    -0.868749
   28.500000    -0.855669    -0.886187    -0.895566
   29.500000    -0.780237    -0.798130    -0.741653
   30.500000    -0.629427    -0.654555    -0.628303
   31.500000    -0.526328    -0.523280    -0.471783
   32.500000    -0.409934    -0.442540    -0.413321
   33.500000    -0.366964    -0.364805    -0.290403
   34.500000    -0.374691    -0.285047    -0.250001
   35.500000    -0.315136    -0.215209    -0.147235
   36.500000    -0.279677    -0.198491    -0.163036
   37.500000    -0.266135    -0.166136    -0.063823
   38.500000    -0.193288    -0.130490    -0.072482
   39.500000    -0.177843    -0.094818    -0.023507
   40.500000    -0.111431    -0.053210     0.034942
   41.500000    -0.042466    -0.012409     0.056077
   42.500000    -0.036927    -0.024919    -0.026444
   43.500000    -0.056761    -0.005377     0.016966
   44.500000    -0.104324    -0.016920    -0.047386
   45.500000    -0.040454     0.055721     0.009017
   46.500000    -0.057511     0.048516     0.012492
   47.500000    -0.090791     0.077459     0.019953
   48.500000    -0.109227     0.076940     0.037950
   49.500000    -0.037179     0.067602     0.027436
   50.500000    -0.066495     0.062429     0.023442
   51.500000    -0.058261     0.039795     0.050525
   52.500000    -0.098428     0.036212     0.065697
   53.500000    -0.037683     0.042357     0.088117
   54.500000    -0.038439     0.144358     0.060123
   55.500000    -0.012614     0.126803     0.086582
   56.500000    -0.006498     0.169033     0.081982
   57.500000    -0.010831     0.170112     0.134605
   58.500000    -0.065249     0.170651     0.126278
   59.500000    -0.035919     0.224626     0.120568
   60.500000    -0.043975     0.150236     0.163443
   61.500000    -0.030871     0.165263     0.190481
   62.500000     0.092093     0.275843     0.167665
   63.500000     0.216344     0.313808     0.295513
   64.500000     0.364712     0.422304     0.443124
   65.500000     0.739450     0.832424     0.741124
   66.500000     1.095455     1.227205     1.048242
   67.500000     1.691115     1.663130     1.522414
   68.500000     2.277717     2.196572     2.058401
   69.500000     2.978594     2.944441     2.873993
   70.500000     4.237056     3.946587     4.047634
   71.500000     5.683307     5.462049     5.304924
   72.500000     7.629406     7.505358     6.843799
   73.500000     9.972023     9.748791     8.780742
   74.500000    11.712347    12.076354    11.094181
   75.500000    14.823550    15.540171    13.559540
   76.500000    16.436693    20.444622    15.590029
   77.500000    22.154658    23.213552    17.725549
   78.500000    24.923589    23.213552    23.263410
