           z    400-600ns    600-800ns   800-1000ns
    0.500000    24.913785    25.068984    25.062819
    1.500000    24.913785    25.068984    25.062819
    2.500000    24.913785    25.068984    25.062819
    3.500000    24.913785    25.068984    25.062819
    4.500000    24.913785    25.068984    25.062819
    5.500000    24.913785    25.068984    25.062819
    6.500000    24.913785    25.068984    25.062819
    7.500000    24.913785    25.068984    25.062819
    8.500000    24.913785    25.068984    25.062819
    9.500000    24.913785    20.164533    18.598148
   10.500000    17.240404    16.108123    17.160153
   11.500000    12.744556    13.199135    13.481329
   12.500000     8.951456     9.974471    10.980778
   13.500000     6.867624     7.686630     8.547949
   14.500000     4.895046     6.164731     6.735296
   15.500000     3.922239     5.658963     5.237550
   16.500000     3.065691     4.817771     4.616848
   17.500000     2.436328     4.085973     4.165527
   18.500000     2.213568     3.734276     3.770967
   19.500000     2.260977     3.378214     3.515324
   20.500000     2.288201     2.971903     3.232989
   21.500000     2.230309     2.366296     2.703527
   22.500000     1.719118     1.719682     1.817370
   23.500000     0.989543     1.089086     0.936268
   24.500000     0.125907     0.410988     0.208348
   25.500000    -0.467753    -0.217586    -0.379823
   26.500000    -0.775548    -0.663209    -0.709691
   27.500000    -0.868749    -0.868749    -0.868749
   28.500000    -0.891746    -0.836040    -0.791800
   29.500000    -0.768176    -0.708452    -0.683069
   30.500000    -0.633845    -0.540772    -0.542452
   31.500000    -0.521769    -0.343081    -0.473806
   32.500000    -0.380745    -0.211821    -0.332756
   33.500000    -0.321552    -0.152528    -0.264393
   34.500000    -0.293140    -0.050024    -0.228839
   35.500000    -0.212314     0.011551    -0.144107
   36.500000    -0.205697     0.044509    -0.093312
   37.500000    -0.176659     0.007431    -0.082560
   38.500000    -0.178095     0.066970    -0.084901
   39.500000    -0.160569     0.073177    -0.039567
   40.500000    -0.091202     0.076161    -0.060210
   41.500000    -0.145345     0.065236    -0.014184
   42.500000    -0.111673     0.048690    -0.022593
   43.500000    -0.132222     0.040580     0.030737
   44.500000    -0.128809     0.032986     0.075726
   45.500000    -0.135875     0.020054     0.049920
   46.500000    -0.098620    -0.001995     0.067011
   47.500000    -0.085996    -0.067949     0.060062
   48.500000    -0.018087    -0.027199     0.066017
   49.500000    -0.084258    -0.012107     0.063782
   50.500000    -0.057044     0.015677     0.076474
   51.500000    -0.100348     0.052385     0.106591
   52.500000    -0.099361     0.094643     0.149626
   53.500000    -0.111918     0.087884     0.139629
   54.500000    -0.087484     0.059791     0.132987
   55.500000    -0.138792     0.057814     0.161726
   56.500000    -0.111918     0.064740     0.141164
   57.500000    -0.096397     0.044509     0.227082
   58.500000    -0.118541     0.066723     0.193930
   59.500000    -0.076797     0.106704     0.148598
   60.500000    -0.084010     0.079149     0.115190
   61.500000    -0.042443     0.081143     0.144751
   62.500000     0.094522     0.095896     0.203620
   63.500000     0.328737     0.196961     0.432542
   64.500000     0.665643     0.521662     0.636233
   65.500000     0.983088     0.825192     0.936268
   66.500000     1.491512     1.316635     1.343248
   67.500000     1.952008     1.775709     1.744758
   68.500000     2.733314     2.512447     2.290717
   69.500000     3.805682     3.201038     3.047112
   70.500000     5.137325     4.401759     3.915505
   71.500000     7.256471     5.938356     5.144543
   72.500000     9.306622     8.249676     6.802747
   73.500000    11.702543    10.718563     8.978159
   74.500000    14.100158    13.591442    11.696427
   75.500000    20.857375    17.928184    15.468548
   76.500000    24.913785    22.300053    18.598148
   77.500000    24.913785    25.068984    22.293888
   78.500000    24.913785    25.068984    25.062819
