           z    400-600ns    600-800ns   800-1000ns
    0.500000    25.035581    25.027596    25.055951
    1.500000    25.035581    25.027596    25.055951
    2.500000    25.035581    25.027596    25.055951
    3.500000    25.035581    25.027596    25.055951
    4.500000    25.035581    25.027596    25.055951
    5.500000    25.035581    25.027596    25.055951
    6.500000    25.035581    25.027596    25.055951
    7.500000    25.035581    25.027596    25.055951
    8.500000    25.035581    25.027596    20.151500
    9.500000    25.035581    22.258665    18.591280
   10.500000    18.570911    17.124930    16.569055
   11.500000    13.403682    14.430134    12.248835
   12.500000    10.585330    11.686408     9.014302
   13.500000     8.875304     9.635522     6.959381
   14.500000     7.056900     8.012193     5.495480
   15.500000     5.607387     5.935467     4.366671
   16.500000     4.424351     4.658355     3.752241
   17.500000     3.778546     3.736825     3.382768
   18.500000     3.625523     3.194277     3.363337
   19.500000     3.641037     3.089281     3.242760
   20.500000     3.297299     2.815426     2.870927
   21.500000     2.734981     2.359720     2.384322
   22.500000     1.978694     1.702291     1.614724
   23.500000     0.981291     0.914415     0.714268
   24.500000     0.105749     0.137883     0.004589
   25.500000    -0.421176    -0.386154    -0.513153
   26.500000    -0.776071    -0.759300    -0.795130
   27.500000    -0.868749    -0.868749    -0.868749
   28.500000    -0.841915    -0.756575    -0.781106
   29.500000    -0.692897    -0.646782    -0.652750
   30.500000    -0.538269    -0.491318    -0.517504
   31.500000    -0.432123    -0.363309    -0.396248
   32.500000    -0.324323    -0.264946    -0.287768
   33.500000    -0.247442    -0.138311    -0.113671
   34.500000    -0.164936    -0.110982    -0.040948
   35.500000    -0.175683    -0.079550    -0.033775
   36.500000    -0.107689    -0.029352     0.030248
   37.500000    -0.100881    -0.053735     0.063377
   38.500000    -0.063943    -0.021090     0.067113
   39.500000    -0.041181    -0.023280     0.129693
   40.500000     0.010861     0.041500     0.060889
   41.500000     0.008650     0.102360     0.053194
   42.500000     0.065505     0.070863     0.081861
   43.500000     0.029109     0.088341     0.041571
   44.500000    -0.011401     0.033778     0.071353
   45.500000    -0.017968     0.056265     0.078103
   46.500000    -0.062989     0.049748     0.021176
   47.500000    -0.043346    -0.011336     0.063377
   48.500000    -0.031535     0.058273     0.005562
   49.500000    -0.068947     0.036266    -0.007054
   50.500000    -0.085556    -0.010603     0.015065
   51.500000    -0.086266     0.080474     0.014821
   52.500000    -0.036121     0.020629     0.086377
   53.500000     0.065756     0.059027     0.107309
   54.500000     0.071539     0.009518     0.066116
   55.500000     0.077335    -0.038795     0.047500
   56.500000     0.083144     0.013216     0.106549
   57.500000     0.106770     0.037262     0.090902
   58.500000     0.141207     0.035271     0.134041
   59.500000     0.111113     0.099295     0.155374
   60.500000     0.171926     0.094194     0.206480
   61.500000     0.164864     0.161061     0.266184
   62.500000     0.247973     0.159753     0.291393
   63.500000     0.367376     0.242418     0.439216
   64.500000     0.533805     0.451632     0.713624
   65.500000     0.898176     0.706618     1.019417
   66.500000     1.295066     1.084036     1.321168
   67.500000     1.769313     1.519112     1.744670
   68.500000     2.318121     2.037017     2.371231
   69.500000     3.204879     2.746623     3.193169
   70.500000     4.298720     3.809201     4.401217
   71.500000     5.907502     5.237374     5.703581
   72.500000     7.950406     6.778341     7.506003
   73.500000    10.018032     8.883928     9.387685
   74.500000    12.709998    11.141793    12.280340
   75.500000    14.935542    14.666594    17.382570
   76.500000    17.894781    17.886796    22.287020
   77.500000    18.991952    19.489735    22.287020
   78.500000    25.035581    22.258665    25.055951
