           z         mean           se
    0.500000   -20.959047     0.000000
    1.500000   -20.834709     0.005586
    2.500000   -20.581831     0.009187
    3.500000   -20.207997     0.011462
    4.500000   -19.741859     0.015328
    5.500000   -19.295536     0.016633
    6.500000   -18.924330     0.015693
    7.500000   -18.648658     0.021114
    8.500000   -18.504829     0.027217
    9.500000   -18.432379     0.029132
   10.500000   -18.328356     0.032799
   11.500000   -18.096430     0.034859
   12.500000   -17.574001     0.037030
   13.500000   -16.718838     0.052103
   14.500000   -15.510834     0.076334
   15.500000   -14.005772     0.094369
   16.500000   -12.174908     0.102536
   17.500000   -10.150508     0.126986
   18.500000    -8.036566     0.155056
   19.500000    -5.851224     0.276931
   20.500000    -3.752491     0.474883
   21.500000    -1.244441     0.872229
   22.500000    -0.253445     1.070759
   23.500000     0.187138     1.490028
   24.500000    -0.442214     1.380108
   25.500000    -0.211624     1.677513
   26.500000    -0.442200     1.914206
   27.500000    -0.761532     1.939262
   28.500000    -0.614276     2.036913
   29.500000    -0.937988     1.999547
   30.500000    -0.840981     1.971078
   31.500000    -0.814028     1.936296
   32.500000    -0.930597     1.951038
   33.500000    -0.613740     1.947741
   34.500000    -0.501129     1.922816
   35.500000    -0.405083     1.909072
   36.500000    -0.403971     1.957786
   37.500000    -0.248205     1.911316
   38.500000    -0.402597     1.912379
   39.500000    -0.352330     1.903299
   40.500000     0.004208     1.946439
   41.500000     0.127949     1.942463
   42.500000     0.243206     1.988904
   43.500000    -0.205702     1.964870
   44.500000    -0.011161     1.961176
   45.500000     0.058991     1.943952
   46.500000     0.102485     1.953822
   47.500000     0.042570     1.946171
   48.500000    -0.256967     1.974506
   49.500000    -0.105579     1.982885
   50.500000    -0.154815     1.956614
   51.500000    -0.070447     1.961897
   52.500000     0.013137     1.981785
   53.500000     0.091827     1.989355
   54.500000    -0.266405     1.963995
   55.500000     0.091492     1.955956
   56.500000    -0.330421     1.960769
   57.500000    -0.223486     1.943354
   58.500000     0.131468     1.923247
   59.500000     0.315941     1.944899
   60.500000     0.500793     2.040644
   61.500000     0.980511     2.142251
   62.500000     1.143461     2.161701
   63.500000     1.664962     2.287477
   64.500000     1.875334     2.227065
   65.500000     2.141790     2.163544
   66.500000     2.492820     2.063226
   67.500000     2.597874     1.815184
   68.500000     3.461274     1.762166
   69.500000     3.767273     1.608440
   70.500000     5.632474     1.246971
   71.500000     6.991981     0.740742
