           z         mean           se
    0.500000     0.000000     0.000000
    1.500000     0.124338     0.005586
    2.500000     0.377216     0.009187
    3.500000     0.751050     0.011462
    4.500000     1.217188     0.015328
    5.500000     1.663511     0.016633
    6.500000     2.034717     0.015693
    7.500000     2.310389     0.021114
    8.500000     2.454218     0.027217
    9.500000     2.526668     0.029132
   10.500000     2.630691     0.032799
   11.500000     2.862617     0.034859
   12.500000     3.385046     0.037030
   13.500000     4.240209     0.052103
   14.500000     5.448213     0.076334
   15.500000     6.953276     0.094369
   16.500000     8.784139     0.102536
   17.500000    10.808539     0.126986
   18.500000    12.922481     0.155056
   19.500000    15.107824     0.276931
   20.500000    17.206556     0.474883
   21.500000    19.714606     0.872229
   22.500000    20.705603     1.070759
   23.500000    21.146185     1.490028
   24.500000    20.516833     1.380108
   25.500000    20.747423     1.677513
   26.500000    20.516847     1.914206
   27.500000    20.197515     1.939262
   28.500000    20.344771     2.036913
   29.500000    20.021059     1.999547
   30.500000    20.118066     1.971078
   31.500000    20.145019     1.936296
   32.500000    20.028450     1.951038
   33.500000    20.345307     1.947741
   34.500000    20.457918     1.922816
   35.500000    20.553964     1.909072
   36.500000    20.555076     1.957786
   37.500000    20.710842     1.911316
   38.500000    20.556450     1.912379
   39.500000    20.606717     1.903299
   40.500000    20.963255     1.946439
   41.500000    21.086996     1.942463
   42.500000    21.202253     1.988904
   43.500000    20.753345     1.964870
   44.500000    20.947886     1.961176
   45.500000    21.018039     1.943952
   46.500000    21.061532     1.953822
   47.500000    21.001617     1.946171
   48.500000    20.702080     1.974506
   49.500000    20.853469     1.982885
   50.500000    20.804232     1.956614
   51.500000    20.888600     1.961897
   52.500000    20.972184     1.981785
   53.500000    21.050875     1.989355
   54.500000    20.692642     1.963995
   55.500000    21.050539     1.955956
   56.500000    20.628626     1.960769
   57.500000    20.735561     1.943354
   58.500000    21.090515     1.923247
   59.500000    21.274988     1.944899
   60.500000    21.459840     2.040644
   61.500000    21.939558     2.142251
   62.500000    22.102508     2.161701
   63.500000    22.624009     2.287477
   64.500000    22.834381     2.227065
   65.500000    23.100837     2.163544
   66.500000    23.451868     2.063226
   67.500000    23.556921     1.815184
   68.500000    24.420321     1.762166
   69.500000    24.726320     1.608440
   70.500000    26.591521     1.246971
   71.500000    27.951028     0.740742
