           z    400-600ns    600-800ns   800-1000ns
    0.500000   -20.959047   -20.959047   -20.959047
    1.500000   -20.836091   -20.846933   -20.844349
    2.500000   -20.538232   -20.618268   -20.586303
    3.500000   -20.158712   -20.233762   -20.215440
    4.500000   -19.655940   -19.774381   -19.782348
    5.500000   -19.207696   -19.338374   -19.330358
    6.500000   -18.851928   -18.909197   -18.964971
    7.500000   -18.560094   -18.688830   -18.663456
    8.500000   -18.360876   -18.604548   -18.511023
    9.500000   -18.290268   -18.508009   -18.497997
   10.500000   -18.129331   -18.374773   -18.368769
   11.500000   -17.915085   -18.099175   -18.106399
   12.500000   -17.468712   -17.569047   -17.559184
   13.500000   -16.523499   -16.677104   -16.741259
   14.500000   -15.166845   -15.478204   -15.576021
   15.500000   -13.560281   -13.999830   -13.989817
   16.500000   -11.900001   -12.180131   -12.138263
   17.500000   -10.067343   -10.252722    -9.967013
   18.500000    -8.093688    -8.255690    -7.856657
   19.500000    -5.844017    -6.185407    -5.016625
   20.500000    -4.074207    -2.919799    -2.475097
   21.500000    -1.395300     0.405309     2.678484
   22.500000    -1.114969     0.057117     4.665703
   23.500000    -2.461064    -0.388818     8.722113
   24.500000    -3.207769     0.405309     5.953183
   25.500000    -3.678039    -1.096801     8.722113
   26.500000    -4.164231    -1.387938     8.722113
   27.500000    -4.495249    -0.647546     8.722113
   28.500000    -4.855919    -2.235979     8.722113
   29.500000    -4.986877    -1.648901     8.722113
   30.500000    -4.922248    -1.096801     8.722113
   31.500000    -4.787796    -0.521500     8.722113
   32.500000    -4.986877    -1.564880     8.722113
   33.500000    -5.343290     0.225205     8.722113
   34.500000    -4.717780    -0.882170     8.722113
   35.500000    -4.571630     1.038719     8.722113
   36.500000    -5.229995     1.038719     8.722113
   37.500000    -4.495249     1.038719     8.722113
   38.500000    -4.645764     0.225205     8.722113
   39.500000    -4.571630     0.599281     8.722113
   40.500000    -4.717780     1.038719     8.722113
   41.500000    -4.787796     3.174240     8.722113
   42.500000    -4.922248     2.668471     8.722113
   43.500000    -4.645764     1.571301     8.722113
   44.500000    -4.855919     1.571301     8.722113
   45.500000    -4.495249     2.247430     8.722113
   46.500000    -4.787796     2.668471     8.722113
   47.500000    -4.922248     2.247430     8.722113
   48.500000    -4.855919     1.571301     8.722113
   49.500000    -4.855919     2.247430     8.722113
   50.500000    -4.922248     2.247430     8.722113
   51.500000    -4.922248     3.174240     8.722113
   52.500000    -4.571630     3.807650     8.722113
   53.500000    -4.717780     3.807650     8.722113
   54.500000    -4.164231     1.038719     8.722113
   55.500000    -4.416480     2.247430     8.722113
   56.500000    -4.495249     2.247430     8.722113
   57.500000    -4.416480     2.247430     8.722113
   58.500000    -4.251150     2.247430     8.722113
   59.500000    -4.335170     3.174240     8.722113
   60.500000    -5.343290     5.943170     8.722113
   61.500000    -4.787796     8.712101     8.722113
   62.500000    -4.922248     8.712101     8.722113
   63.500000    -5.111366     8.712101     8.722113
   64.500000    -4.495249     8.712101     8.722113
   65.500000    -5.111366     8.712101     8.722113
   66.500000    -4.074207     8.712101     8.722113
   67.500000    -2.935029     8.712101     8.722113
   68.500000    -1.395300     8.712101     8.722113
   69.500000    -1.114969     8.712101     8.722113
   70.500000     1.969422     8.712101     8.722113
   71.500000     3.256901     8.712101     8.722113
