           z    400-600ns    600-800ns   800-1000ns
    0.500000   -20.959047   -20.959047   -20.959047
    1.500000   -20.849596   -20.836259   -20.824673
    2.500000   -20.599279   -20.604126   -20.586466
    3.500000   -20.219226   -20.215675   -20.249212
    4.500000   -19.775576   -19.713801   -19.774567
    5.500000   -19.348018   -19.273909   -19.319486
    6.500000   -18.995954   -18.930231   -18.919314
    7.500000   -18.737870   -18.634632   -18.656514
    8.500000   -18.554557   -18.515688   -18.469321
    9.500000   -18.489013   -18.450543   -18.363413
   10.500000   -18.389010   -18.321236   -18.292782
   11.500000   -18.198073   -18.085381   -18.098725
   12.500000   -17.628514   -17.564962   -17.584964
   13.500000   -16.788981   -16.818746   -16.653406
   14.500000   -15.521919   -15.747171   -15.485288
   15.500000   -14.076820   -14.443513   -14.061164
   16.500000   -12.173761   -12.699112   -12.280752
   17.500000   -10.030578   -10.860028   -10.168556
   18.500000    -8.001226    -8.955104    -7.891857
   19.500000    -5.968192    -7.423577    -6.106536
   20.500000    -3.123341    -5.985582    -4.718801
   21.500000    -0.893589    -5.058772    -3.055621
   22.500000    -0.532920    -3.577321    -1.875736
   23.500000     1.027300    -3.498553    -2.475484
   24.500000     0.213786    -4.880263    -2.160024
   25.500000     2.657052    -5.143499    -3.365532
   26.500000     1.559881    -5.767635    -4.380509
   27.500000    -0.260179    -6.158476    -4.266574
   28.500000     3.796231    -6.267483    -4.644666
   29.500000     1.027300    -6.213569    -4.928955
   30.500000     0.213786    -6.267483    -4.568285
   31.500000    -0.400237    -5.863357    -4.266574
   32.500000     0.213786    -5.767635    -4.352505
   33.500000     0.587862    -5.894474    -4.177610
   34.500000     1.559881    -6.102152    -3.603857
   35.500000     0.213786    -5.564541    -3.678541
   36.500000     1.559881    -5.831852    -3.821580
   37.500000     1.027300    -5.599547    -3.751075
   38.500000     1.027300    -5.381824    -3.641475
   39.500000     0.213786    -5.456507    -3.447504
   40.500000     3.162820    -5.304859    -4.177610
   41.500000     1.559881    -5.058772    -4.116507
   42.500000     3.796231    -5.799948    -3.406851
   43.500000     1.559881    -5.831852    -4.237267
   44.500000     3.162820    -5.225470    -3.989668
   45.500000     2.236011    -5.529042    -4.295544
   46.500000     2.236011    -5.343635    -3.821580
   47.500000     2.236011    -5.456507    -4.324186
   48.500000     1.559881    -5.831852    -4.516047
   49.500000     2.236011    -5.304859    -4.837709
   50.500000     1.027300    -5.225470    -4.207615
   51.500000     0.587862    -5.184818    -4.352505
   52.500000     1.027300    -5.419442    -4.380509
   53.500000     1.559881    -5.381824    -4.266574
   54.500000     2.236011    -5.701739    -4.516047
   55.500000     2.657052    -5.529042    -3.751075
   56.500000     0.587862    -5.734902    -4.295544
   57.500000     1.027300    -5.599547    -3.715069
   58.500000     2.657052    -5.701739    -3.193131
   59.500000     3.162820    -5.863357    -3.280805
   60.500000     2.657052    -5.529042    -3.008065
   61.500000     3.162820    -5.343635    -3.447504
   62.500000     4.644271    -5.419442    -2.290983
   63.500000     8.700681    -5.015316    -2.534100
   64.500000     8.700681    -5.143499    -1.468337
   65.500000     8.700681    -4.688141    -1.284955
   66.500000     8.700681    -4.004321    -1.087176
   67.500000     5.931751    -3.062922    -0.090834
   68.500000     8.700681    -2.415888     0.608906
   69.500000     8.700681    -0.729622    -0.090834
   70.500000     8.700681     0.900130     3.183865
   71.500000     8.700681     4.174828     5.952795
