           z    400-600ns    600-800ns   800-1000ns
    0.500000   -20.959047   -20.959047   -20.959047
    1.500000   -20.831804   -20.795729   -20.846950
    2.500000   -20.574289   -20.538632   -20.590883
    3.500000   -20.195420   -20.148826   -20.235701
    4.500000   -19.728533   -19.693416   -19.778170
    5.500000   -19.266192   -19.241088   -19.334705
    6.500000   -18.879471   -18.893820   -18.974082
    7.500000   -18.575353   -18.595216   -18.725958
    8.500000   -18.436113   -18.472445   -18.618889
    9.500000   -18.363284   -18.375673   -18.553210
   10.500000   -18.293240   -18.294384   -18.491677
   11.500000   -18.080321   -18.001711   -18.283000
   12.500000   -17.545029   -17.424529   -17.821067
   13.500000   -16.708414   -16.525580   -17.032556
   14.500000   -15.471760   -15.236426   -15.913870
   15.500000   -13.881922   -13.682391   -14.356205
   16.500000   -11.795702   -11.850632   -12.555818
   17.500000    -9.722163    -9.691268   -10.594902
   18.500000    -7.426727    -7.485733    -8.362415
   19.500000    -5.625878    -4.415502    -6.075278
   20.500000    -3.370317    -1.646572    -5.458705
   21.500000    -1.762820     1.970400    -4.088058
   22.500000    -0.054299     4.739330    -4.587907
   23.500000    -0.601386     6.026810    -4.666675
   24.500000    -1.151470     6.026810    -5.179484
   25.500000    -0.475341     6.026810    -5.551377
   26.500000    -1.341779     8.795740    -6.015444
   27.500000    -2.123490     8.795740    -6.420130
   28.500000    -2.719281     8.795740    -6.119239
   29.500000    -2.554850     8.795740    -6.653895
   30.500000    -1.839201     8.795740    -6.606451
   31.500000    -2.771791     8.795740    -6.232853
   32.500000    -3.244271     8.795740    -6.190846
   33.500000    -2.438950     8.795740    -6.000261
   34.500000    -2.554850     8.795740    -5.727085
   35.500000    -2.438950     8.795740    -6.162447
   36.500000    -2.823230     8.795740    -6.045538
   37.500000    -1.684051     8.795740    -6.287796
   38.500000    -2.317462     8.795740    -6.407205
   39.500000    -1.431802     8.795740    -6.594449
   40.500000    -1.248420     8.795740    -6.232853
   41.500000    -0.836010     8.795740    -6.301346
   42.500000    -1.431802     8.795740    -6.232853
   43.500000    -1.050641     8.795740    -6.734832
   44.500000    -1.913336     8.795740    -6.368027
   45.500000    -0.945610     8.795740    -6.204926
   46.500000    -1.050641     8.795740    -6.496319
   47.500000    -0.945610     8.795740    -5.969617
   48.500000    -1.151470     8.795740    -6.606451
   49.500000    -1.431802     8.795740    -6.521212
   50.500000    -1.050641     8.795740    -6.779940
   51.500000    -0.945610     8.795740    -6.508796
   52.500000    -1.341779     8.795740    -6.521212
   53.500000    -1.050641     8.795740    -6.642117
   54.500000    -2.189820     8.795740    -6.618396
   55.500000    -1.248420     8.795740    -6.653895
   56.500000    -2.317462     8.795740    -6.483780
   57.500000    -2.665654     8.795740    -6.407205
   58.500000    -2.123490     8.795740    -5.969617
   59.500000    -1.839201     8.795740    -5.692910
   60.500000    -1.839201     8.795740    -5.891338
   61.500000    -1.050641     8.795740    -5.938597
   62.500000    -2.123490     8.795740    -5.826916
   63.500000    -1.151470     8.795740    -6.133724
   64.500000    -1.151470     8.795740    -5.794076
   65.500000     0.271365     8.795740    -4.841426
   66.500000     1.337128     8.795740    -4.666675
   67.500000     1.084879     8.795740    -3.776931
   68.500000     2.714631     8.795740    -3.291521
   69.500000     2.293590     8.795740    -1.383345
   70.500000     8.758260     8.795740     0.949954
   71.500000     8.758260     8.795740     5.854405
