           z         mean           se
    0.500000     0.000000     0.000000
    1.500000     0.115331     0.004216
    2.500000     0.366545     0.009469
    3.500000     0.731392     0.014467
    4.500000     1.165616     0.020378
    5.500000     1.637919     0.020181
    6.500000     2.021793     0.025816
    7.500000     2.267021     0.032164
    8.500000     2.387158     0.032054
    9.500000     2.455700     0.033256
   10.500000     2.602186     0.037766
   11.500000     2.925074     0.040289
   12.500000     3.552019     0.045023
   13.500000     4.504317     0.060517
   14.500000     5.851681     0.076122
   15.500000     7.549275     0.094015
   16.500000     9.550144     0.112822
   17.500000    11.875725     0.149750
   18.500000    14.345099     0.230262
   19.500000    17.001009     0.310928
   20.500000    19.373999     0.403063
   21.500000    22.277456     0.736138
   22.500000    24.493177     1.085570
   23.500000    24.783692     1.070767
   24.500000    24.931496     1.376040
   25.500000    25.663221     1.796249
   26.500000    24.776015     1.887830
   27.500000    24.928146     1.936604
   28.500000    24.475226     1.970850
   29.500000    24.239385     2.010240
   30.500000    24.415719     1.981156
   31.500000    24.353081     1.972777
   32.500000    24.466238     1.942203
   33.500000    24.348969     1.957467
   34.500000    24.303094     1.993279
   35.500000    24.260309     1.981379
   36.500000    24.342504     1.982993
   37.500000    24.375868     1.973457
   38.500000    24.385252     1.962362
   39.500000    24.210531     1.999222
   40.500000    24.108606     2.032315
   41.500000    24.268771     1.970910
   42.500000    24.287551     1.967093
   43.500000    24.204070     2.012017
   44.500000    24.375126     1.960036
   45.500000    24.304328     1.974501
   46.500000    24.406035     1.928751
   47.500000    24.429535     1.938343
   48.500000    24.426620     1.943592
   49.500000    24.282097     1.966716
   50.500000    24.223323     2.002787
   51.500000    24.320391     1.996844
   52.500000    24.304232     2.022170
   53.500000    24.444326     1.984658
   54.500000    24.191028     2.026025
   55.500000    24.203407     2.002571
   56.500000    24.272752     1.998610
   57.500000    24.331561     1.983273
   58.500000    24.345268     1.998164
   59.500000    24.170900     2.036536
   60.500000    24.310212     2.064426
   61.500000    24.524371     2.014592
   62.500000    25.123059     2.095704
   63.500000    24.465064     1.991731
   64.500000    25.021097     1.948979
   65.500000    25.333867     1.967059
   66.500000    25.683282     1.835813
   67.500000    26.076291     1.667404
   68.500000    26.549334     1.556582
   69.500000    27.095561     1.441238
   70.500000    28.173769     1.118145
   71.500000    28.398461     0.899833
   72.500000    28.809099     0.515224
