           z         mean           se
    0.500000   -24.309274     0.000000
    1.500000   -24.193943     0.004216
    2.500000   -23.942729     0.009469
    3.500000   -23.577882     0.014467
    4.500000   -23.143658     0.020378
    5.500000   -22.671355     0.020181
    6.500000   -22.287480     0.025816
    7.500000   -22.042253     0.032164
    8.500000   -21.922116     0.032054
    9.500000   -21.853574     0.033256
   10.500000   -21.707088     0.037766
   11.500000   -21.384200     0.040289
   12.500000   -20.757255     0.045023
   13.500000   -19.804957     0.060517
   14.500000   -18.457593     0.076122
   15.500000   -16.759999     0.094015
   16.500000   -14.759130     0.112822
   17.500000   -12.433549     0.149750
   18.500000    -9.964175     0.230262
   19.500000    -7.308265     0.310928
   20.500000    -4.935275     0.403063
   21.500000    -2.031818     0.736138
   22.500000     0.183903     1.085570
   23.500000     0.474418     1.070767
   24.500000     0.622222     1.376040
   25.500000     1.353947     1.796249
   26.500000     0.466741     1.887830
   27.500000     0.618872     1.936604
   28.500000     0.165952     1.970850
   29.500000    -0.069889     2.010240
   30.500000     0.106445     1.981156
   31.500000     0.043807     1.972777
   32.500000     0.156964     1.942203
   33.500000     0.039695     1.957467
   34.500000    -0.006180     1.993279
   35.500000    -0.048965     1.981379
   36.500000     0.033230     1.982993
   37.500000     0.066594     1.973457
   38.500000     0.075978     1.962362
   39.500000    -0.098743     1.999222
   40.500000    -0.200668     2.032315
   41.500000    -0.040503     1.970910
   42.500000    -0.021723     1.967093
   43.500000    -0.105204     2.012017
   44.500000     0.065852     1.960036
   45.500000    -0.004946     1.974501
   46.500000     0.096761     1.928751
   47.500000     0.120261     1.938343
   48.500000     0.117346     1.943592
   49.500000    -0.027176     1.966716
   50.500000    -0.085951     2.002787
   51.500000     0.011117     1.996844
   52.500000    -0.005042     2.022170
   53.500000     0.135052     1.984658
   54.500000    -0.118246     2.026025
   55.500000    -0.105867     2.002571
   56.500000    -0.036522     1.998610
   57.500000     0.022287     1.983273
   58.500000     0.035994     1.998164
   59.500000    -0.138374     2.036536
   60.500000     0.000938     2.064426
   61.500000     0.215097     2.014592
   62.500000     0.813785     2.095704
   63.500000     0.155790     1.991731
   64.500000     0.711823     1.948979
   65.500000     1.024593     1.967059
   66.500000     1.374008     1.835813
   67.500000     1.767017     1.667404
   68.500000     2.240060     1.556582
   69.500000     2.786287     1.441238
   70.500000     3.864495     1.118145
   71.500000     4.089187     0.899833
   72.500000     4.499825     0.515224
