           z    400-600ns    600-800ns   800-1000ns
    0.500000   -24.309274   -24.309274   -24.309274
    1.500000   -24.184599   -24.210272   -24.178058
    2.500000   -23.943876   -23.984515   -23.914829
    3.500000   -23.577636   -23.630508   -23.547681
    4.500000   -23.147496   -23.204615   -23.080480
    5.500000   -22.703901   -22.692348   -22.623037
    6.500000   -22.373792   -22.284987   -22.209104
    7.500000   -22.139521   -22.115345   -21.958545
    8.500000   -22.041616   -21.960158   -21.832855
    9.500000   -21.911263   -21.904626   -21.755881
   10.500000   -21.726910   -21.774583   -21.573361
   11.500000   -21.348880   -21.448882   -21.229644
   12.500000   -20.661238   -20.830598   -20.561748
   13.500000   -19.658864   -19.963942   -19.572883
   14.500000   -18.272648   -18.758039   -18.167258
   15.500000   -16.503756   -17.168316   -16.412129
   16.500000   -14.336419   -15.243782   -14.285733
   17.500000   -11.913446   -13.321658   -12.088360
   18.500000    -9.378429   -11.538906    -9.547056
   19.500000    -7.271879    -9.109265    -6.289710
   20.500000    -6.093999    -7.075647    -4.185695
   21.500000    -3.811261    -5.812578     0.948041
   22.500000    -3.811261    -4.379250     3.716971
   23.500000    -4.877024    -3.162276     3.716971
   24.500000    -6.093999    -4.865443     3.716971
   25.500000    -7.271879    -6.762639     3.716971
   26.500000    -8.349204    -7.777616     3.716971
   27.500000    -8.715711    -8.850093     3.716971
   28.500000    -8.826923    -8.700137     3.716971
   29.500000    -9.165740    -8.348365     3.716971
   30.500000    -8.826923    -8.621675     3.716971
   31.500000    -8.933434    -8.211478     3.716971
   32.500000    -8.862929    -8.041772     3.716971
   33.500000    -8.715711    -7.777616     3.716971
   34.500000    -9.133835    -8.280851     3.716971
   35.500000    -8.790395    -8.016568     3.716971
   36.500000    -8.933434    -8.326061     3.716971
   37.500000    -8.259977    -8.738471     3.716971
   38.500000    -8.349204    -8.700137     3.716971
   39.500000    -8.349204    -8.700137     3.716971
   40.500000    -8.898428    -8.435660     3.716971
   41.500000    -8.022028    -8.540692     3.716971
   42.500000    -8.214151    -8.303557     3.716971
   43.500000    -8.559358    -8.540692     3.716971
   44.500000    -8.304985    -8.641521     3.716971
   45.500000    -8.559358    -8.211478     3.716971
   46.500000    -8.435379    -7.544350     3.716971
   47.500000    -8.559358    -8.091437     3.716971
   48.500000    -8.599365    -7.832708     3.716971
   49.500000    -8.898428    -7.544350     3.716971
   50.500000    -9.068790    -7.482497     3.716971
   51.500000    -8.898428    -8.066727     3.716971
   52.500000    -9.464359    -7.777616     3.716971
   53.500000    -9.289464    -7.777616     3.716971
   54.500000    -9.289464    -7.913153     3.716971
   55.500000    -8.898428    -8.091437     3.716971
   56.500000    -8.898428    -8.280851     3.716971
   57.500000    -9.407399    -7.721292     3.716971
   58.500000    -9.654156    -7.832708     3.716971
   59.500000    -9.492364    -8.164145     3.716971
   60.500000    -9.972686    -8.499203     3.716971
   61.500000    -9.289464    -8.499203     3.716971
   62.500000    -9.574558    -8.621675     3.716971
   63.500000    -9.436040    -8.091437     3.716971
   64.500000    -9.289464    -7.965391     3.716971
   65.500000    -8.898428    -7.112175     3.716971
   66.500000    -8.518706    -6.307280     3.716971
   67.500000    -7.203756    -5.688089     3.716971
   68.500000    -7.133741    -4.269651     3.716971
   69.500000    -6.093999    -3.162276     3.716971
   70.500000    -4.877024     5.324620     3.716971
   71.500000    -2.854799     5.324620     3.716971
   72.500000     0.840941     5.324620     3.716971
