           z    400-600ns    600-800ns   800-1000ns
    0.500000   -24.309274   -24.309274   -24.309274
    1.500000   -24.183636   -24.192907   -24.181745
    2.500000   -23.915987   -23.970851   -23.908570
    3.500000   -23.559755   -23.610575   -23.499151
    4.500000   -23.148552   -23.165376   -23.033804
    5.500000   -22.684536   -22.696764   -22.536222
    6.500000   -22.307372   -22.277688   -22.155520
    7.500000   -22.064000   -22.030300   -21.847034
    8.500000   -21.939767   -21.939873   -21.734859
    9.500000   -21.812677   -21.901013   -21.680738
   10.500000   -21.637139   -21.805840   -21.533884
   11.500000   -21.285968   -21.504123   -21.284896
   12.500000   -20.642207   -20.889762   -20.718946
   13.500000   -19.581077   -20.001715   -19.783870
   14.500000   -18.206822   -18.701087   -18.401898
   15.500000   -16.639313   -17.094704   -16.522830
   16.500000   -14.786865   -15.156332   -14.546662
   17.500000   -12.462025   -12.778755   -12.136260
   18.500000    -9.799577   -10.152942    -9.476336
   19.500000    -7.054594    -7.657575    -6.365133
   20.500000    -3.941440    -3.452864    -3.686226
   21.500000    -1.722593     0.455244    -0.321504
   22.500000     1.361797     5.359695     0.965975
   23.500000    -0.119654     5.359695     0.965975
   24.500000    -0.625422     5.359695    -0.321504
   25.500000    -2.694613     5.359695     3.734906
   26.500000    -3.682711     5.359695     3.734906
   27.500000    -1.722593     5.359695     3.734906
   28.500000    -3.068689     5.359695     3.734906
   29.500000    -3.068689     5.359695     3.734906
   30.500000    -3.682711     5.359695     3.734906
   31.500000    -2.888584     5.359695     3.734906
   32.500000    -2.484459     5.359695     3.734906
   33.500000    -4.390695     5.359695     3.734906
   34.500000    -3.068689     5.359695     3.734906
   35.500000    -4.061481     5.359695     3.734906
   36.500000    -2.255174     5.359695     3.734906
   37.500000    -1.722593     5.359695     3.734906
   38.500000    -2.694613     5.359695     3.734906
   39.500000    -3.394353     5.359695     3.734906
   40.500000    -3.682711     5.359695     3.734906
   41.500000    -3.236777     5.359695     3.734906
   42.500000    -2.888584     5.359695     3.734906
   43.500000    -2.484459     5.359695     3.734906
   44.500000    -2.888584     5.359695     3.734906
   45.500000    -2.484459     5.359695     3.734906
   46.500000    -2.255174     5.359695     3.734906
   47.500000    -2.694613     5.359695     3.734906
   48.500000    -1.722593     5.359695     3.734906
   49.500000    -3.236777     5.359695     3.734906
   50.500000    -2.255174     5.359695     3.734906
   51.500000    -1.407133     5.359695     3.734906
   52.500000    -1.046464     5.359695     3.734906
   53.500000    -0.625422     5.359695     3.734906
   54.500000    -2.255174     5.359695     3.734906
   55.500000    -3.068689     5.359695     3.734906
   56.500000    -2.255174     5.359695     3.734906
   57.500000    -2.484459     5.359695     3.734906
   58.500000    -2.002925     5.359695     3.734906
   59.500000    -2.694613     5.359695     3.734906
   60.500000    -0.625422     5.359695     3.734906
   61.500000     0.513756     5.359695     3.734906
   62.500000     5.418207     5.359695     3.734906
   63.500000    -0.625422     5.359695     3.734906
   64.500000     2.649276     5.359695     3.734906
   65.500000     5.418207     5.359695     3.734906
   66.500000     5.418207     5.359695     3.734906
   67.500000     5.418207     5.359695     3.734906
   68.500000     5.418207     5.359695     3.734906
   69.500000     5.418207     5.359695     3.734906
   70.500000     5.418207     5.359695     3.734906
   71.500000     5.418207     5.359695     3.734906
   72.500000     5.418207     5.359695     3.734906
