           z    400-600ns    600-800ns   800-1000ns
    0.500000   -24.309274   -24.309274   -24.309274
    1.500000   -24.210804   -24.204176   -24.199288
    2.500000   -23.923727   -23.971593   -23.950616
    3.500000   -23.592826   -23.631414   -23.551394
    4.500000   -23.197420   -23.213868   -23.101312
    5.500000   -22.748427   -22.692052   -22.664904
    6.500000   -22.412416   -22.303661   -22.262784
    7.500000   -22.159045   -22.024767   -22.041717
    8.500000   -22.036820   -21.884794   -21.928306
    9.500000   -22.024128   -21.869910   -21.821926
   10.500000   -21.867868   -21.788867   -21.655340
   11.500000   -21.569857   -21.490364   -21.295190
   12.500000   -20.960974   -20.871718   -20.678108
   13.500000   -20.012833   -19.955017   -19.714409
   14.500000   -18.690842   -18.579758   -18.339986
   15.500000   -17.035279   -16.838598   -16.625070
   16.500000   -15.028430   -14.731767   -14.716182
   17.500000   -12.768408   -12.112824   -12.320207
   18.500000   -10.347794    -9.363450   -10.073087
   19.500000    -8.120054    -6.365236    -7.540938
   20.500000    -5.276989    -5.379056    -5.325557
   21.500000    -3.166423    -1.460785    -3.394505
   22.500000    -1.820328     1.308146    -1.046616
   23.500000     0.416022     2.595625    -0.625574
   24.500000     0.416022     5.364555     2.649124
   25.500000     5.320472     5.364555     5.418055
   26.500000     0.416022     5.364555     5.418055
   27.500000     1.264063     5.364555     5.418055
   28.500000    -1.504868     5.364555     5.418055
   29.500000    -3.640388     5.364555     5.418055
   30.500000    -1.504868     5.364555     5.418055
   31.500000    -3.166423     5.364555     5.418055
   32.500000    -2.792347     5.364555     5.418055
   33.500000    -2.352909     5.364555     5.418055
   34.500000    -3.166423     5.364555     5.418055
   35.500000    -3.166423     5.364555     5.418055
   36.500000    -3.780446     5.364555     5.418055
   37.500000    -4.273798     5.364555     5.418055
   38.500000    -3.166423     5.364555     5.418055
   39.500000    -4.039174     5.364555     5.418055
   40.500000    -4.383398     5.364555     5.418055
   41.500000    -4.159215     5.364555     5.418055
   42.500000    -4.383398     5.364555     5.418055
   43.500000    -4.956509     5.364555     5.418055
   44.500000    -3.166423     5.364555     5.418055
   45.500000    -4.383398     5.364555     5.418055
   46.500000    -4.488429     5.364555     5.418055
   47.500000    -3.166423     5.364555     5.418055
   48.500000    -4.383398     5.364555     5.418055
   49.500000    -4.159215     5.364555     5.418055
   50.500000    -5.561278     5.364555     5.418055
   51.500000    -5.121839     5.364555     5.418055
   52.500000    -5.351124     5.364555     5.418055
   53.500000    -4.686208     5.364555     5.418055
   54.500000    -5.200608     5.364555     5.418055
   55.500000    -4.488429     5.364555     5.418055
   56.500000    -4.488429     5.364555     5.418055
   57.500000    -3.780446     5.364555     5.418055
   58.500000    -3.780446     5.364555     5.418055
   59.500000    -4.488429     5.364555     5.418055
   60.500000    -4.488429     5.364555     5.418055
   61.500000    -4.383398     5.364555     5.418055
   62.500000    -3.492087     5.364555     5.418055
   63.500000    -4.039174     5.364555     5.418055
   64.500000    -2.582193     5.364555     5.418055
   65.500000    -3.780446     5.364555     5.418055
   66.500000    -1.820328     5.364555     5.418055
   67.500000    -0.217389     5.364555     5.418055
   68.500000     2.551542     5.364555     5.418055
   69.500000     5.320472     5.364555     5.418055
   70.500000     5.320472     5.364555     5.418055
   71.500000     5.320472     5.364555     5.418055
   72.500000     5.320472     5.364555     5.418055
