           z         mean           se
    0.500000    13.665877     1.233513
    1.500000    13.737372     1.172166
    2.500000    13.072819     0.714095
    3.500000    11.676270     0.456324
    4.500000     9.657517     0.349994
    5.500000     7.319265     0.264051
    6.500000     4.958457     0.169861
    7.500000     2.815726     0.111974
    8.500000     0.890736     0.072325
    9.500000    -0.683529     0.057541
   10.500000    -1.909457     0.042290
   11.500000    -2.743074     0.031714
   12.500000    -3.188174     0.022874
   13.500000    -3.288355     0.000000
   14.500000    -3.033460     0.018677
   15.500000    -2.460685     0.031316
   16.500000    -1.641920     0.037178
   17.500000    -0.642206     0.050207
   18.500000     0.363531     0.072490
   19.500000     1.233792     0.084332
   20.500000     1.696185     0.107490
   21.500000     1.599873     0.107840
   22.500000     1.186352     0.098400
   23.500000     0.817804     0.092235
   24.500000     0.477318     0.093477
   25.500000     0.222578     0.097342
   26.500000     0.103066     0.106071
   27.500000     0.010738     0.108907
   28.500000    -0.007151     0.113151
   29.500000    -0.024280     0.118863
   30.500000    -0.024741     0.122281
   31.500000    -0.018245     0.125473
   32.500000    -0.014248     0.120792
   33.500000    -0.022828     0.132086
   34.500000    -0.019264     0.130990
   35.500000    -0.015691     0.141298
   36.500000     0.000251     0.138640
   37.500000    -0.023697     0.135527
   38.500000    -0.012293     0.137168
   39.500000    -0.002111     0.138372
   40.500000    -0.005400     0.140012
   41.500000    -0.000624     0.139877
   42.500000     0.012697     0.133539
   43.500000     0.004367     0.133679
   44.500000     0.000631     0.132288
   45.500000    -0.013333     0.136382
   46.500000     0.014188     0.141197
   47.500000    -0.002574     0.141605
   48.500000    -0.002789     0.147640
   49.500000    -0.007164     0.149698
   50.500000     0.004514     0.150358
   51.500000     0.015754     0.149340
   52.500000    -0.004292     0.150718
   53.500000     0.013005     0.155546
   54.500000     0.024346     0.146466
   55.500000     0.038325     0.152481
   56.500000     0.022788     0.150993
   57.500000     0.028325     0.152887
   58.500000     0.045340     0.148702
   59.500000     0.060234     0.151681
   60.500000     0.073920     0.152352
   61.500000     0.104995     0.150211
   62.500000     0.180521     0.162797
   63.500000     0.351718     0.162668
   64.500000     0.656552     0.168118
   65.500000     1.084495     0.171059
   66.500000     1.762301     0.184701
   67.500000     2.659311     0.197256
   68.500000     3.823897     0.203643
   69.500000     5.448266     0.255182
   70.500000     7.344067     0.310390
   71.500000     9.916148     0.354798
   72.500000    13.115867     0.534257
   73.500000    17.509037     0.876505
   74.500000    21.705178     0.592183
   75.500000    22.628155     0.536332
