           z    400-600ns    600-800ns   800-1000ns
    0.500000    12.710691    15.227987    15.009309
    1.500000    12.758247    15.095304    13.943545
    2.500000    12.015237    15.842010    12.621539
    3.500000    10.241566    12.851364    11.354719
    4.500000     8.106045    10.402614    10.181823
    5.500000     6.338285     8.023877     7.702435
    6.500000     4.435504     5.304935     4.885266
    7.500000     2.526421     2.920910     2.766868
    8.500000     0.621098     0.863843     1.102116
    9.500000    -0.718202    -0.821621    -0.546885
   10.500000    -1.813180    -2.009936    -1.851909
   11.500000    -2.639488    -2.823038    -2.778998
   12.500000    -3.150304    -3.179026    -3.257004
   13.500000    -3.288355    -3.288355    -3.288355
   14.500000    -3.047538    -3.136004    -2.978039
   15.500000    -2.485073    -2.624392    -2.391220
   16.500000    -1.632741    -1.795211    -1.587111
   17.500000    -0.534471    -0.833980    -0.624299
   18.500000     0.734062     0.205164     0.320049
   19.500000     1.693216     1.016655     1.370447
   20.500000     2.457779     1.525764     1.760448
   21.500000     2.406707     1.561011     1.620578
   22.500000     1.841535     1.314211     1.234395
   23.500000     1.373873     0.951578     0.833639
   24.500000     0.918419     0.691916     0.458903
   25.500000     0.733655     0.458078     0.265970
   26.500000     0.709771     0.265243     0.132014
   27.500000     0.543347     0.261648     0.139272
   28.500000     0.554687     0.330480     0.024188
   29.500000     0.600566     0.276782     0.047910
   30.500000     0.572938     0.346777     0.045107
   31.500000     0.639054     0.325685     0.025578
   32.500000     0.595940     0.343435     0.034626
   33.500000     0.622265     0.400485     0.036719
   34.500000     0.575993     0.421067     0.068321
   35.500000     0.645723     0.448001     0.120444
   36.500000     0.610617     0.446067     0.050014
   37.500000     0.579817     0.391769     0.075398
   38.500000     0.587865     0.439505     0.097463
   39.500000     0.585563     0.430653     0.109645
   40.500000     0.582880     0.409231     0.116119
   41.500000     0.552036     0.395176     0.113240
   42.500000     0.582880     0.386101     0.143637
   43.500000     0.476723     0.403903     0.115399
   44.500000     0.526431     0.320163     0.121887
   45.500000     0.529055     0.367673     0.119723
   46.500000     0.559237     0.426047     0.108927
   47.500000     0.553929     0.452260     0.069735
   48.500000     0.562656     0.470147     0.066908
   49.500000     0.593630     0.446841     0.081784
   50.500000     0.516336     0.538580     0.078234
   51.500000     0.558858     0.489342     0.088186
   52.500000     0.539954     0.556285     0.075398
   53.500000     0.565318     0.555882     0.067614
   54.500000     0.641406     0.474053     0.103905
   55.500000     0.670195     0.587163     0.106774
   56.500000     0.661089     0.517019     0.181786
   57.500000     0.672179     0.553460     0.100324
   58.500000     0.698916     0.582671     0.124776
   59.500000     0.752025     0.579408     0.127669
   60.500000     0.757768     0.607686     0.111083
   61.500000     0.753665     0.592483     0.142181
   62.500000     0.920170     0.694048     0.219021
   63.500000     1.077859     0.933222     0.396154
   64.500000     1.333300     1.220515     0.827901
   65.500000     1.775492     1.695694     1.270571
   66.500000     2.478826     2.350775     2.124312
   67.500000     3.403288     3.223128     3.094452
   68.500000     4.377862     4.362639     4.447740
   69.500000     6.224371     5.789828     6.328780
   70.500000     8.327761     7.397424     8.670161
   71.500000    10.837357     9.705309    11.417732
   72.500000    12.485506    12.241647    16.386812
   73.500000    16.181246    15.842010    22.430441
   74.500000    18.950177    21.559975    22.430441
   75.500000    21.719107    24.328905    22.430441
