           z    400-600ns    600-800ns   800-1000ns
    0.500000    13.655741    10.058302    10.754010
    1.500000    13.655741    10.880624    10.648979
    2.500000    14.444301    11.584461    10.451200
    3.500000    12.338346    11.297017     9.382158
    4.500000     9.722678     9.713685     7.714173
    5.500000     7.402231     7.638704     5.672098
    6.500000     4.856898     5.456156     4.001204
    7.500000     2.761982     3.283943     2.326993
    8.500000     0.790422     1.110665     0.632612
    9.500000    -0.852278    -0.561384    -0.812267
   10.500000    -2.045052    -1.813376    -1.964294
   11.500000    -2.816483    -2.721834    -2.824136
   12.500000    -3.249311    -3.158893    -3.260865
   13.500000    -3.288355    -3.288355    -3.288355
   14.500000    -2.993300    -3.068501    -2.968566
   15.500000    -2.417947    -2.582912    -2.352370
   16.500000    -1.564197    -1.770121    -1.441678
   17.500000    -0.607045    -0.785497    -0.332282
   18.500000     0.363802     0.222414     0.707179
   19.500000     1.335821     1.125558     1.460624
   20.500000     1.804260     1.543546     1.802359
   21.500000     1.612388     1.515367     1.587289
   22.500000     1.270898     1.104838     1.188503
   23.500000     0.907725     0.957383     0.632612
   24.500000     0.659192     0.668661     0.154948
   25.500000     0.332766     0.406028    -0.111961
   26.500000     0.274421     0.250154    -0.245086
   27.500000     0.167333     0.209770    -0.269536
   28.500000     0.161277     0.162003    -0.301772
   29.500000     0.184509     0.077534    -0.368934
   30.500000     0.208681     0.081762    -0.324359
   31.500000     0.159855     0.150744    -0.316410
   32.500000     0.179129     0.139175    -0.309767
   33.500000     0.140022     0.148209    -0.324359
   34.500000     0.166976     0.129096    -0.315083
   35.500000     0.160210     0.135211    -0.319062
   36.500000     0.229064     0.199035    -0.295090
   37.500000     0.165194     0.114766    -0.309767
   38.500000     0.175906     0.087763    -0.300437
   39.500000     0.218852     0.111197    -0.283018
   40.500000     0.207956     0.181001    -0.324359
   41.500000     0.264024     0.151469    -0.232771
   42.500000     0.223588     0.144953    -0.265478
   43.500000     0.299476     0.177703    -0.181503
   44.500000     0.278517     0.206804    -0.274938
   45.500000     0.241153     0.149295    -0.272238
   46.500000     0.349961     0.205693    -0.281673
   47.500000     0.254777     0.233998    -0.277634
   48.500000     0.282621     0.242626    -0.269536
   49.500000     0.314931     0.195713    -0.304440
   50.500000     0.289349     0.255814    -0.181503
   51.500000     0.306626     0.277441    -0.207960
   52.500000     0.251825     0.194976    -0.207960
   53.500000     0.350728     0.244506    -0.181503
   54.500000     0.282247     0.247893    -0.167465
   55.500000     0.278517     0.224279    -0.149099
   56.500000     0.237850     0.181368    -0.187096
   57.500000     0.287104     0.173311    -0.139154
   58.500000     0.293095     0.133771    -0.107640
   59.500000     0.265877     0.174043    -0.049312
   60.500000     0.293470     0.206804    -0.064021
   61.500000     0.417574     0.260730    -0.036000
   62.500000     0.506152     0.350898    -0.056677
   63.500000     0.691474     0.447264     0.137412
   64.500000     1.098465     0.747768     0.387739
   65.500000     1.479900     1.184934     0.792247
   66.500000     2.275895     1.644400     1.420659
   67.500000     3.244672     2.521313     2.256044
   68.500000     4.429868     3.562576     3.401542
   69.500000     6.242541     4.948766     5.111118
   70.500000     8.084662     6.738684     6.807200
   71.500000    10.740660     8.884117     9.320682
   72.500000    14.444301    12.564454    12.784499
   73.500000    21.484272    17.055553    16.401470
   74.500000    24.253202    24.196353    20.457880
   75.500000    24.253202    24.196353    20.457880
