           z    400-600ns    600-800ns   800-1000ns
    0.500000    10.768641    12.579272    22.228943
    1.500000    11.313111    13.111853    22.228943
    2.500000    11.174020    12.831521    16.691082
    3.500000    11.349117    12.349988    13.922152
    4.500000    10.025632    10.245973    10.805029
    5.500000     7.933381     7.383684     7.778692
    6.500000     5.662610     4.975423     5.048116
    7.500000     3.362715     2.604496     2.787204
    8.500000     1.233303     0.764074     0.898489
    9.500000    -0.349746    -0.846134    -0.643246
   10.500000    -1.683853    -2.063108    -1.940404
   11.500000    -2.542844    -2.770754    -2.770093
   12.500000    -3.042120    -3.200519    -3.195522
   13.500000    -3.288355    -3.288355    -3.288355
   14.500000    -3.032610    -2.992298    -3.084282
   15.500000    -2.421173    -2.376111    -2.494969
   16.500000    -1.586653    -1.717234    -1.682337
   17.500000    -0.611534    -0.735238    -0.715506
   18.500000     0.378065     0.196588     0.144454
   19.500000     1.089406     1.142486     0.869920
   20.500000     1.481693     1.453669     1.436145
   21.500000     1.412510     1.276973     1.406031
   22.500000     0.887310     0.888647     0.946835
   23.500000     0.472692     0.509931     0.720807
   24.500000     0.168602     0.133858     0.441363
   25.500000    -0.043802    -0.115029     0.077500
   26.500000    -0.236765    -0.244191     0.022029
   27.500000    -0.389293    -0.371284    -0.194610
   28.500000    -0.319496    -0.462567    -0.213163
   29.500000    -0.342042    -0.502992    -0.191850
   30.500000    -0.405419    -0.500317    -0.247838
   31.500000    -0.451843    -0.462567    -0.234297
   32.500000    -0.429924    -0.424244    -0.256601
   33.500000    -0.555771    -0.458489    -0.214532
   34.500000    -0.556415    -0.492275    -0.171052
   35.500000    -0.565419    -0.538827    -0.227499
   36.500000    -0.551902    -0.555901    -0.129641
   37.500000    -0.576947    -0.600017    -0.053488
   38.500000    -0.562207    -0.601303    -0.035188
   39.500000    -0.603011    -0.578056    -0.010825
   40.500000    -0.591919    -0.598731    -0.030775
   41.500000    -0.585559    -0.667282     0.004056
   42.500000    -0.575029    -0.550660     0.024285
   43.500000    -0.609327    -0.596156    -0.046915
   44.500000    -0.560278    -0.596156    -0.016753
   45.500000    -0.655273    -0.571560    -0.027830
   46.500000    -0.605539    -0.561132    -0.073829
   47.500000    -0.611219    -0.587122    -0.111887
   48.500000    -0.667632    -0.597443    -0.115448
   49.500000    -0.669788    -0.601303    -0.121845
   50.500000    -0.671020    -0.642110    -0.143051
   51.500000    -0.697048    -0.583240    -0.090415
   52.500000    -0.712839    -0.597443    -0.138824
   53.500000    -0.707687    -0.602588    -0.175225
   54.500000    -0.650933    -0.524289    -0.187704
   55.500000    -0.638492    -0.532229    -0.202185
   56.500000    -0.694304    -0.522963    -0.169659
   57.500000    -0.618772    -0.619237    -0.154289
   58.500000    -0.554804    -0.544093    -0.218634
   59.500000    -0.581416    -0.545408    -0.180779
   60.500000    -0.549965    -0.555901    -0.141643
   61.500000    -0.497428    -0.512331    -0.175920
   62.500000    -0.451507    -0.482861    -0.074552
   63.500000    -0.277750    -0.233801    -0.006370
   64.500000     0.110859    -0.000192     0.182613
   65.500000     0.620875     0.476193     0.464547
   66.500000     1.383134     1.207515     0.975197
   67.500000     2.347149     2.047138     1.796612
   68.500000     3.680922     3.426981     2.724942
   69.500000     5.285785     5.083457     4.019753
   70.500000     7.050841     7.383684     5.636190
   71.500000     9.859620    10.443752     8.036098
   72.500000    12.648714    13.787983    10.698891
   73.500000    15.299016    17.483723    15.403603
   74.500000    21.016981    20.252653    22.228943
   75.500000    23.785912    20.252653    22.228943
